Epoch	AverageEpRet	StdEpRet	MaxEpRet	MinEpRet	EpLen	AverageEpCost	StdEpCost	MaxEpCost	MinEpCost	AverageVVals	StdVVals	MaxVVals	MinVVals	TotalEnvInteracts	LossPi	LossV	DeltaLossPi	DeltaLossV	Entropy	KL	ClipFrac	StopIter	Time
0	-0.7591758	0.8495349	1.4350452	-2.999944	1000.0	42.35	88.94255	423.0	0.0	0.02656732	0.058245666	0.17846854	-0.13811667	40000	-1.6391278e-08	311.38202	-0.010417783	-85.85697	0.9189385	0.005927271	0.083625	99.0	19.471216201782227
1	-0.42006555	1.2735132	2.79657	-2.930754	1000.0	32.55	62.73434	273.0	0.0	-3.1280932	5.6824174	6.2515717	-17.407078	80000	-5.9604646e-09	36.969643	-0.013963791	-35.489838	0.9293746	0.006880532	0.0933	99.0	37.87824487686157
2	-1.0934474	0.9682016	1.0345452	-3.5914648	1000.0	18.0	30.164549	107.0	0.0	-0.2671765	0.5687937	0.9134834	-2.2261655	120000	5.9604646e-09	3.0339494	-0.0120621445	-0.7010578	0.91997623	0.0092599215	0.130575	99.0	57.34418606758118
3	-0.87424105	1.2145519	0.92305917	-3.5313404	1000.0	26.675	64.285835	301.0	0.0	-0.6001239	0.40280375	0.51117814	-5.9982224	160000	-4.4703485e-09	13.1588745	-0.010853693	-7.6948977	0.932124	0.006926724	0.107125	99.0	75.73577785491943
4	-0.9510557	1.2810798	1.0134429	-4.091957	1000.0	54.6	97.505585	344.0	0.0	-0.82519436	1.786325	3.3078735	-13.582494	200000	-2.9802323e-09	44.630848	-0.014730677	-31.907705	0.9339415	0.0061980374	0.099199995	99.0	95.52386808395386
5	-0.56969345	1.4465666	2.6563509	-4.0507593	1000.0	55.7	99.68706	416.0	0.0	-1.3333118	3.6125252	22.845911	-20.39736	240000	0.0	87.247765	-0.015683569	-64.569046	0.944801	0.007477708	0.120500006	99.0	115.31312656402588
6	-0.8384946	1.5843226	3.7545245	-5.425556	1000.0	17.25	61.658638	313.0	0.0	-1.882331	5.3162827	5.092816	-27.845098	280000	-5.9604646e-09	47.078846	-0.013406272	-31.224445	0.942855	0.011766839	0.111425	99.0	135.3865954875946
7	-1.2238219	1.4977036	1.1599255	-5.4124193	1000.0	8.7	23.04257	97.0	0.0	-0.6668376	1.7155644	6.120893	-21.771532	320000	-4.4703485e-09	11.990351	-0.013841346	-7.2991877	0.9285865	0.0146808205	0.150225	99.0	155.02608394622803
8	-1.2873824	1.8609399	3.4989467	-5.775967	1000.0	35.85	92.04063	536.0	0.0	-0.814353	2.5202796	1.8281248	-29.137192	360000	-8.940697e-09	64.850395	-0.013559205	-45.168285	0.9295231	0.006071871	0.100325	99.0	174.16877937316895
9	-1.2996963	1.6385086	1.8671758	-4.344487	1000.0	9.325	37.55755	235.0	0.0	-0.8582287	3.531612	40.44645	-22.562056	400000	-8.940697e-09	25.243341	-0.0137020815	-21.604721	0.9336921	0.010209804	0.13777499	99.0	193.24956679344177
10	-1.4558872	2.2192483	2.0218375	-10.118809	1000.0	10.2	25.046158	93.0	0.0	-0.43650484	1.9950142	1.155949	-36.891426	440000	2.9802323e-09	14.895617	-0.012338842	-7.1567116	0.92884624	0.009354072	0.1355	99.0	212.1770703792572
11	-1.3091896	2.5186574	2.0351286	-11.37897	1000.0	10.9	49.087067	291.0	0.0	-0.48080093	1.5145713	2.0023973	-9.376085	480000	1.4901161e-09	31.151718	-0.011726887	-13.753698	0.9328133	0.008664839	0.1161	99.0	231.8241536617279
12	-1.3258053	2.384154	3.2083952	-8.91353	1000.0	3.175	11.939195	66.0	0.0	-0.17712438	0.7443277	5.000388	-10.930671	520000	1.4901161e-09	3.0026739	-0.011412653	-2.1195903	0.9369165	0.007617502	0.115100004	99.0	250.26384592056274
13	-0.6764553	1.850913	3.7116258	-5.8386445	1000.0	21.75	79.72319	486.0	0.0	-0.07501045	0.596734	1.2677194	-11.671202	560000	1.4901161e-08	70.39757	-0.013001336	-52.869804	0.92522633	0.005527241	0.099325	99.0	268.9883122444153
14	-1.1226763	2.6391277	3.7817426	-9.596419	1000.0	11.275	57.769794	367.0	0.0	-0.9823035	3.4452355	21.284094	-32.514923	600000	-5.820766e-09	31.896519	-0.009875486	-24.67515	0.952683	0.0097122565	0.128125	99.0	287.82022738456726
15	-1.1995326	3.2928307	3.5646684	-13.388264	1000.0	19.5	70.94188	395.0	0.0	-0.120929554	0.804152	2.2404478	-25.203846	640000	1.1920929e-08	55.272133	-0.0109883575	-38.488674	0.93367183	0.0032551072	0.0794	99.0	306.66428089141846
16	-1.1117473	2.0165868	2.7519712	-6.220385	1000.0	10.85	37.18639	218.0	0.0	-1.1116536	3.9882586	2.713892	-26.164825	680000	-9.313226e-09	35.59829	-0.014095673	-31.903187	0.95495856	0.011752424	0.13065	99.0	325.0879342556
17	-1.7240248	2.6057606	1.5194272	-10.083083	1000.0	6.9	21.930346	126.0	0.0	-0.3332855	0.8510057	1.7753346	-10.2852545	720000	1.4901161e-09	6.921853	-0.012423908	-3.89071	0.9395547	0.009655179	0.13257499	99.0	343.5437388420105
18	-1.5445507	3.1702592	2.8182738	-13.370659	1000.0	38.7	102.697655	519.0	0.0	-0.41473153	1.5213605	5.365362	-36.124233	760000	-2.3841858e-08	130.76157	-0.0141683025	-109.605835	0.9439033	0.0038533886	0.099149995	99.0	361.8006498813629
19	-1.121518	2.143518	1.5071648	-8.621062	1000.0	15.45	44.110626	256.0	0.0	-0.5573043	5.9654274	34.616634	-51.980972	800000	-2.9802323e-09	65.76973	-0.012856129	-46.74227	0.9408742	0.009757547	0.1433	99.0	380.3116374015808
20	-0.96259654	2.8379662	2.705993	-10.552319	1000.0	16.65	59.913082	360.0	0.0	-1.0801567	2.7927594	1.4817729	-20.660242	840000	-3.7252903e-09	42.368958	-0.015284059	-30.987158	0.93746006	0.010711106	0.139925	99.0	398.5386953353882
21	-1.9951624	2.7914917	3.477948	-10.3292055	1000.0	10.0	28.606817	111.0	0.0	-0.4421902	0.7528739	2.6244335	-13.422675	880000	-2.9802323e-09	19.386534	-0.0125243245	-15.35352	0.912941	0.0083262045	0.11799999	99.0	416.91857409477234
22	-1.2807431	2.3143144	3.8009934	-8.383727	1000.0	7.4	30.713026	177.0	0.0	-0.64109707	2.8189912	1.8227117	-47.205044	920000	7.450581e-09	27.123905	-0.012944152	-15.556875	0.91553056	0.012045067	0.14085001	99.0	435.0388081073761
23	-1.355108	2.3798704	2.728517	-8.863816	1000.0	2.975	10.896071	57.0	0.0	-0.26709586	1.3246771	4.2948937	-14.025053	960000	-3.7252903e-09	5.160399	-0.015628075	-4.424197	0.91344184	0.010040035	0.131025	99.0	453.3074507713318
24	-0.60838	1.7583913	2.941777	-5.362285	1000.0	2.7	10.191173	54.0	0.0	-0.5104269	1.6321869	2.903667	-17.034103	1000000	-7.4505807e-10	5.1153793	-0.012271238	-2.739663	0.8989668	0.013125412	0.13845	99.0	471.5414490699768
25	-0.9563416	1.7917335	2.744033	-6.0301037	1000.0	0.0	0.0	0.0	0.0	-0.30123112	1.0711043	1.4800861	-6.1678333	1040000	-1.1920929e-08	1.0727814	-0.015763886	-1.0099423	0.88287556	0.010506047	0.109850004	99.0	491.0282084941864
26	-1.2896011	2.5115418	2.8471951	-9.1217	1000.0	7.625	28.283995	163.0	0.0	-0.037379272	0.15068641	2.9450202	-0.8853049	1080000	-1.1920929e-08	15.181752	-0.012659627	-8.952596	0.876217	0.0069083124	0.113175	99.0	509.50568294525146
27	-0.8109126	2.2526054	5.094312	-6.416499	1000.0	10.875	24.745895	100.0	0.0	-1.3933182	3.600816	1.5121359	-16.105421	1120000	0.0	24.289713	-0.014492112	-18.274286	0.8673812	0.015115738	0.13645001	99.0	528.0573878288269
28	-1.4971492	2.4960232	2.682993	-9.943092	1000.0	4.375	14.890748	72.0	0.0	-0.7899621	2.4504504	0.9610409	-15.792229	1160000	5.9604646e-09	8.767299	-0.014277833	-6.0719914	0.87413645	0.012865901	0.125875	99.0	546.9789843559265
29	-1.0895131	2.7518969	7.049157	-8.538198	1000.0	9.4	43.915714	278.0	0.0	-0.13551942	0.70280427	48.267693	-7.580846	1200000	-8.940697e-09	26.066599	-0.009392248	-12.951726	0.85737896	0.003913658	0.093575	99.0	565.7129328250885
30	-0.8364523	1.9201002	4.2288446	-5.7004	1000.0	2.675	13.405946	85.0	0.0	-0.3481115	1.3513877	2.365375	-19.782013	1240000	8.5681675e-09	6.7188425	-0.012759174	-3.2410855	0.8665327	0.016989917	0.14905	99.0	584.273921251297
31	-1.3582779	2.7103107	4.7999425	-9.330342	1000.0	2.475	8.264344	38.0	0.0	-0.0997687	0.6146265	2.0804245	-6.232778	1280000	-2.9802323e-09	2.1058357	-0.013491285	-1.3394761	0.8612871	0.008634622	0.109299995	99.0	602.9828281402588
32	-2.0635092	3.1161425	5.0512676	-10.189075	1000.0	3.75	21.146809	135.0	0.0	-0.16601366	1.0644075	0.8408693	-10.259494	1320000	5.9604646e-09	10.825532	-0.010909003	-6.0187893	0.8636495	0.011695665	0.11570001	99.0	623.1436715126038
33	-1.5357745	2.3382442	3.611267	-7.509845	1000.0	4.875	14.920099	71.0	0.0	-0.23847747	1.8034147	3.598685	-12.648555	1360000	5.9604646e-09	5.9536853	-0.012195444	-3.1885426	0.8636689	0.0109664155	0.12602499	99.0	641.6811039447784
34	-1.1580927	2.326426	6.4631248	-7.860003	1000.0	13.05	81.49722	522.0	0.0	-0.5145953	2.0655391	5.6004057	-14.918467	1400000	1.1920929e-08	60.246227	-0.008651246	-58.07591	0.856161	0.0028343475	0.0734	99.0	660.7442028522491
35	-1.478947	2.50911	4.9411144	-10.378603	1000.0	0.025	0.15612496	1.0	0.0	-0.064640075	0.41864246	1.9892912	-14.735233	1440000	-7.450581e-09	0.17775598	-0.0110078575	-0.16757368	0.8638269	0.010904749	0.116325	99.0	679.5723071098328
36	-1.0389712	3.5389683	9.890897	-12.398138	1000.0	1.5	5.8651514	33.0	0.0	-0.42759442	4.6052628	17.153025	-67.737976	1480000	0.0	20.766052	-0.005838034	-20.58777	0.84807765	0.017623091	0.134225	99.0	698.3311784267426
37	-1.014172	1.8366513	2.6456163	-7.071433	1000.0	6.05	20.11958	117.0	0.0	-0.15096244	1.2775971	2.109269	-20.65579	1520000	-8.940697e-09	8.663142	-0.012588141	-7.1699853	0.8166565	0.007829038	0.11685	99.0	716.9321799278259
38	-1.4880093	3.3002996	7.6298513	-11.2860155	1000.0	6.5	29.45505	184.0	0.0	-0.40481058	2.2670686	2.0646574	-27.661392	1560000	-2.9802323e-09	20.7257	-0.010470195	-6.750827	0.81068647	0.009835897	0.124125004	99.0	735.4864373207092
39	-1.2799698	2.904275	6.111768	-14.22421	1000.0	7.25	32.200737	193.0	0.0	-0.7132587	2.040442	0.8165411	-21.95137	1600000	-1.1920929e-08	19.196722	-0.013603449	-12.828588	0.8119205	0.013443763	0.134275	99.0	754.5379316806793
40	-1.1729612	2.2604275	3.1105547	-9.340227	1000.0	9.075	42.98278	261.0	0.0	-0.40801036	1.3824567	10.932054	-18.818356	1640000	-9.685754e-09	21.881258	-0.012865977	-17.328344	0.8114152	0.00939935	0.1116	99.0	772.7947702407837
41	-0.6710597	3.0294592	10.811864	-6.3822813	1000.0	4.4	20.040958	114.0	0.0	-0.46423224	2.4690814	8.88424	-30.641815	1680000	8.940697e-09	8.69961	-0.0115069	-6.582071	0.8159405	0.0244734	0.16885	99.0	790.9575808048248
42	-1.3942511	2.7982292	7.419741	-9.977079	1000.0	5.95	22.959694	123.0	0.0	-0.19175608	1.3036363	8.504852	-30.114185	1720000	-7.4505807e-10	14.488444	-0.01269176	-3.9607117	0.79301584	0.018004667	0.173475	99.0	809.2823011875153
43	-2.4196844	3.0511198	2.2270503	-15.096606	1000.0	1.35	8.430748	54.0	0.0	-0.27587935	0.67388463	1.7763174	-4.3651247	1760000	2.9802323e-09	2.0579753	-0.012066242	-1.0361751	0.77694434	0.008109095	0.11259999	99.0	827.8974802494049
44	-1.1191227	2.367719	4.5455356	-8.130384	1000.0	5.925	16.25175	68.0	0.0	-0.05928081	0.48685	12.52771	-5.354137	1800000	-2.9802323e-09	7.3712287	-0.01351915	-6.2634935	0.77146584	0.005536004	0.10675	99.0	846.4908947944641
45	-1.583496	2.9390936	3.768343	-11.644565	1000.0	1.45	7.155243	44.0	0.0	-0.40782133	1.81955	3.0307524	-21.49009	1840000	1.0989607e-08	4.6384354	-0.013279701	-3.430718	0.77859414	0.01365616	0.135875	99.0	865.1780803203583
46	-1.5857593	3.396219	7.77902	-10.505025	1000.0	6.575	29.546478	186.0	0.0	-0.09804989	0.3876922	6.277215	-2.135934	1880000	-5.2154063e-09	18.160809	-0.010477724	-10.811734	0.7653026	0.0041433284	0.087175	99.0	883.7964749336243
47	-1.1850487	2.3622515	2.8454027	-7.76194	1000.0	13.3	43.5564	196.0	0.0	-0.44400528	1.2888733	7.0358496	-20.15743	1920000	5.9604646e-09	37.04948	-0.0155920405	-29.068884	0.7794299	0.007266664	0.128975	99.0	902.3223218917847
48	-1.5208937	3.1891553	7.5634875	-12.056498	1000.0	2.4	8.932525	47.0	0.0	-0.5887126	3.0083241	2.4915912	-36.417572	1960000	6.7055224e-09	9.5955105	-0.014320018	-7.432869	0.7748809	0.016504634	0.15065	99.0	920.5020639896393
49	-1.6184775	2.1993144	2.5272415	-8.854573	1000.0	12.95	45.541164	247.0	0.0	-0.26713622	0.69047934	1.7390622	-7.0238943	2000000	-5.9604646e-09	43.845566	-0.012325913	-36.572327	0.75938994	0.0055762315	0.103625014	99.0	939.205322265625
50	-1.3086412	1.7741328	3.029186	-4.3282895	1000.0	2.875	8.127691	34.0	0.0	-0.22553626	1.1120028	1.3875021	-39.624725	2040000	2.2351743e-09	3.192466	-0.011625238	-2.243342	0.77681583	0.011890794	0.13875	99.0	958.1459412574768
51	-1.8961124	3.627587	5.235535	-12.46988	1000.0	3.0	11.126545	56.0	0.0	-0.24166828	1.1839926	2.41494	-39.136898	2080000	-2.2351743e-09	4.0796027	-0.011794651	-3.8244033	0.76667124	0.009485799	0.119075	99.0	977.0368301868439
52	-1.8863525	2.7114086	4.116501	-12.762289	1000.0	23.2	134.4742	862.0	0.0	-0.4365092	2.0887	5.379134	-29.21825	2120000	1.1920929e-08	140.8306	-0.009224676	-133.29117	0.7498185	0.002041819	0.07915	99.0	996.9088859558105
53	-1.9749796	3.150952	7.1193476	-9.765048	1000.0	0.625	3.321803	21.0	0.0	-0.2680222	1.6881031	1.1501458	-50.424755	2160000	-1.4901161e-09	3.2758522	-0.009759281	-2.9263842	0.7573823	0.011914104	0.11805	99.0	1016.4859004020691
54	-1.4538891	2.6957757	8.5163	-9.079347	1000.0	2.0	10.121758	63.0	0.0	-0.09289201	0.26838005	1.8163284	-3.388758	2200000	-1.4901161e-09	1.7201412	-0.0109390225	-1.1845391	0.7281084	0.009336697	0.11669999	99.0	1035.0644402503967
55	-2.0505068	2.7276495	2.5116165	-10.4374695	1000.0	4.025	25.136118	161.0	0.0	-0.15527098	0.6934061	3.1288257	-11.383051	2240000	1.1920929e-08	15.535454	-0.008057339	-7.852371	0.7257617	0.008334884	0.10892501	99.0	1053.6350359916687
56	-1.0799834	2.9394002	9.272614	-13.383182	1000.0	0.0	0.0	0.0	0.0	-0.14111593	0.5271502	2.00039	-5.8411984	2280000	4.4703485e-09	0.27269974	-0.017875839	-0.25590461	0.72476345	0.010040482	0.11935	99.0	1072.1441631317139
57	-2.1977706	2.8236141	3.2288353	-11.300264	1000.0	1.425	8.899122	57.0	0.0	-0.009752211	0.12390753	0.804986	-3.6927395	2320000	0.0	2.5287983	-0.0077984654	-0.25708845	0.71233934	0.008205034	0.099374995	99.0	1090.6040687561035
58	-0.9785949	2.2764726	6.0550175	-8.219578	1000.0	0.4	2.4979994	16.0	0.0	-0.15154412	0.3755193	2.043002	-2.4297419	2360000	1.1920929e-08	0.30409482	-0.013639907	-0.12645058	0.73095286	0.009484953	0.10225	99.0	1108.8177616596222
59	-0.9635626	2.1730056	6.401833	-6.117445	1000.0	5.55	28.484163	181.0	0.0	-0.042423207	0.10374523	2.344256	-0.90984154	2400000	-8.940697e-09	17.5844	-0.010962599	-15.378401	0.7283064	0.009198422	0.11055	99.0	1127.0904619693756
60	-1.581193	2.7496195	4.062709	-8.939477	1000.0	22.925	120.89797	769.0	0.0	-0.20155276	1.4168146	1.0841922	-32.671944	2440000	2.272427e-08	126.72555	-0.009851925	-119.07216	0.7502915	0.0016772983	0.08104999	99.0	1145.5847997665405
61	-1.4400395	2.2980676	2.5823731	-10.201514	1000.0	3.975	15.102131	88.0	0.0	-0.96357214	5.2698007	35.541805	-33.289505	2480000	0.0	30.704767	-0.010522234	-24.215054	0.7542605	0.012582958	0.103	99.0	1164.178412437439
62	-1.9999607	2.4195576	4.2227354	-7.415915	1000.0	1.025	4.77225	28.0	0.0	-0.36466587	0.77372885	2.320486	-5.461753	2520000	2.0861625e-08	1.5045744	-0.0142303435	-0.8231786	0.7377397	0.0073964833	0.10059999	99.0	1182.5252633094788
63	-1.2279327	2.4872246	4.2739987	-9.142373	1000.0	0.525	3.278624	21.0	0.0	-0.1658986	0.26613414	1.1201496	-3.4818397	2560000	-1.1920929e-08	0.46648186	-0.009907347	-0.21635088	0.72835886	0.012073811	0.115600005	99.0	1201.2887876033783
64	-1.3861	2.3693736	1.8181902	-9.764374	1000.0	6.625	20.49352	83.0	0.0	-0.09132371	0.30348787	1.4691596	-4.2614264	2600000	-5.9604646e-09	11.704225	-0.01209612	-6.89874	0.720443	0.008596013	0.123175	99.0	1220.3795671463013
65	-1.3471756	2.346644	4.3810725	-9.494883	1000.0	4.475	20.928436	131.0	0.0	-0.21614146	0.92568594	2.4634068	-18.14786	2640000	1.4901161e-09	11.538874	-0.010033635	-8.6785755	0.72811294	0.008021244	0.0973	99.0	1239.519963502884
66	-1.6661199	2.2158492	2.5753741	-9.813467	1000.0	17.375	88.81854	555.0	0.0	-0.18888411	1.4029735	1.8221519	-38.09132	2680000	-2.9802322e-08	96.99588	-0.010664562	-90.046486	0.7397118	0.004585872	0.086150005	99.0	1257.8514323234558
67	-1.8784485	2.1852026	1.6381229	-8.955037	1000.0	4.85	26.57306	169.0	0.0	-0.76855195	5.3117304	2.1194787	-60.648113	2720000	1.1920929e-08	42.677895	-0.0091844825	-33.03017	0.74760914	0.013186427	0.11929999	99.0	1276.6067645549774
68	-1.4335	2.0634103	4.217161	-6.5033865	1000.0	0.0	0.0	0.0	0.0	-0.3016386	0.79700035	2.4541435	-9.71964	2760000	-4.4703485e-09	0.6174223	-0.011331277	-0.57852834	0.7303375	0.0114680445	0.123025	99.0	1295.994933605194
69	-1.3482974	2.541861	7.3714285	-9.470697	1000.0	4.45	16.892233	95.0	0.0	-0.044001024	0.12943356	1.0452832	-1.4261181	2800000	5.9604646e-09	8.953997	-0.011444551	-0.8716658	0.7204269	0.0077278153	0.11422501	99.0	1314.3414406776428
70	-1.8721784	2.1395814	3.858441	-6.38859	1000.0	6.175	21.678202	132.0	0.0	-0.40285963	0.71496284	1.4359119	-9.273802	2840000	8.940697e-09	10.554944	-0.011373679	-7.224936	0.7390652	0.0074786274	0.116050005	99.0	1332.7125318050385
71	-2.0601232	2.554397	3.0328326	-9.272392	1000.0	4.925	19.92158	122.0	0.0	-0.58217585	3.2000494	1.6272697	-22.236809	2880000	-2.2351743e-09	7.2799697	-0.011765357	-5.937724	0.74884593	0.011319232	0.102900006	99.0	1351.1992664337158
72	-1.7052532	2.2293932	2.4030774	-10.202089	1000.0	0.4	2.4979994	16.0	0.0	-0.15827468	0.7606252	1.4408616	-23.439644	2920000	-1.0803342e-08	0.7850629	-0.010749403	-0.58114934	0.7466235	0.010475853	0.113424994	99.0	1369.5136647224426
73	-1.7943523	2.126908	2.3385193	-9.5853405	1000.0	3.65	12.7760515	61.0	0.0	-0.06029955	0.13921624	0.82588243	-2.45328	2960000	8.940697e-09	5.571271	-0.009028623	-0.43967113	0.7233691	0.009428328	0.11859999	99.0	1388.2663719654083
74	-1.556181	2.308426	5.1183543	-7.1378703	1000.0	2.125	11.117975	70.0	0.0	-0.3073388	0.529839	1.1500616	-5.2440147	3000000	1.8626451e-09	3.7660756	-0.00978831	-0.4404993	0.74469423	0.008091527	0.091325	99.0	1407.1410574913025
75	-2.281861	2.5163252	1.3099647	-10.702603	1000.0	13.7	75.96782	484.0	0.0	-0.23329537	0.5639841	0.39867556	-3.1002507	3040000	0.0	76.88669	-0.008296175	-68.24786	0.7464046	0.0032551258	0.077475	99.0	1427.0721099376678
76	-1.491945	2.496868	4.031179	-7.9766984	1000.0	11.25	59.41664	378.0	0.0	-0.25652134	2.2507656	11.79955	-43.64224	3080000	-1.1920929e-08	60.93926	-0.011749901	-56.598206	0.77914333	0.014551925	0.16964999	99.0	1447.3259582519531
77	-1.637504	2.1909585	1.5611769	-7.935308	1000.0	25.35	137.08	878.0	0.0	-0.04934337	0.5911405	1.9395013	-21.097725	3120000	0.0	155.3083	-0.00912641	-146.49802	0.7534853	-0.0009115247	0.08215	99.0	1466.980307340622
78	-1.4191949	1.7940563	3.4427521	-4.824729	1000.0	0.4	2.4979994	16.0	0.0	-0.113461964	0.65074384	3.0462255	-30.83573	3160000	0.0	0.60969067	-0.0120359	-0.4085639	0.7563816	0.010299231	0.113775	99.0	1486.5317132472992
79	-1.6453764	2.4589953	3.6141741	-9.868895	1000.0	1.025	5.155034	32.0	0.0	-0.46905968	4.2623787	0.7186997	-74.65892	3200000	-2.9802323e-09	19.162304	-0.009113012	-18.462955	0.7456314	0.011831547	0.1115	99.0	1505.217188835144
80	-1.4925642	2.0770307	2.189015	-6.318275	1000.0	0.4	2.4979994	16.0	0.0	-0.0737511	0.16477779	0.69135153	-2.0770986	3240000	1.3969839e-09	0.25538355	-0.007242589	-0.023337115	0.72030807	0.0070000016	0.08215	99.0	1523.4262976646423
81	-1.4711598	2.0834537	2.6607428	-7.7082114	1000.0	17.525	84.953804	542.0	0.0	-0.10012222	0.26013014	0.6068721	-4.5476727	3280000	1.1920929e-08	87.55263	-0.009588159	-57.63091	0.7087665	7.044002e-05	0.0775	99.0	1542.1872429847717
82	-1.7777694	2.0334847	2.4861639	-9.085786	1000.0	1.725	6.730481	35.0	0.0	0.2793392	1.3704585	3.9498377	-18.950182	3320000	5.9604646e-09	2.685714	-0.013357584	-1.606541	0.7171792	0.008993051	0.0967	99.0	1560.9125499725342
83	-2.18853	2.6183343	1.5520874	-10.561317	1000.0	0.0	0.0	0.0	0.0	-0.1382357	0.5785058	0.69710386	-8.91925	3360000	-7.450581e-09	0.34912458	-0.014321667	-0.34122354	0.7131886	0.009836694	0.10652499	99.0	1579.8558611869812
84	-1.6265557	1.5482146	1.7417909	-5.2708373	1000.0	5.7	17.67371	75.0	0.0	-0.016558526	0.061236415	0.35648096	-0.44285262	3400000	-1.0430813e-08	11.006447	-0.00932536	-1.1632693	0.6953109	0.0049480954	0.097525	99.0	1598.8805403709412
85	-2.203816	2.4162028	2.843641	-9.776026	1000.0	0.0	0.0	0.0	0.0	-0.50407016	0.7356379	0.535871	-6.202976	3440000	2.9802322e-08	0.6973797	-0.013784331	-0.6725081	0.7056529	0.012422761	0.10145	99.0	1617.3335151672363
86	-2.1366906	2.4444482	2.0386763	-8.299277	1000.0	1.65	7.2060738	35.0	0.0	-0.061488084	0.082022116	0.24024928	-0.5469562	3480000	5.9604646e-09	1.4880311	-0.009714341	-0.15473796	0.6946317	0.0067699426	0.084825	99.0	1635.5924429893494
87	-1.6935179	1.7745676	1.1040888	-5.776774	1000.0	3.8	18.93568	120.0	0.0	-0.10635912	0.2538614	0.48918474	-2.0215602	3520000	1.0803342e-08	10.391692	-0.008100348	-2.981539	0.71552175	0.009280275	0.10452501	99.0	1654.1543271541595
88	-1.3002342	2.1918354	4.0897193	-8.35274	1000.0	0.925	5.776623	37.0	0.0	-0.3980564	1.0809529	1.983021	-7.392369	3560000	-7.450581e-09	2.2540765	-0.014110034	-1.0524433	0.73534966	0.014905758	0.12972501	99.0	1672.5874238014221
89	-1.7224147	1.9603475	2.666856	-7.8395176	1000.0	0.0	0.0	0.0	0.0	-0.12737292	0.26214403	0.52683103	-1.1395754	3600000	-2.9802323e-09	0.07063241	-0.012775248	-0.06406218	0.72537947	0.013403803	0.113475	99.0	1692.0032105445862
90	-1.3173616	2.0439565	5.648532	-5.2714915	1000.0	0.0	0.0	0.0	0.0	-0.028949564	0.0743315	0.342633	-0.9991461	3640000	-2.9802323e-09	0.006750705	-0.015570244	-0.0039259633	0.72899026	0.010201871	0.112	99.0	1711.2705812454224
91	-1.4863412	2.1214864	2.7978475	-7.487342	1000.0	5.95	31.007215	195.0	0.0	-0.023985077	0.039582513	0.362046	-0.5811267	3680000	-7.450581e-09	22.684061	-0.008395304	-3.8703475	0.7113657	0.0025044847	0.101524994	99.0	1730.1672241687775
92	-1.5110776	1.7746862	3.1855645	-6.8866906	1000.0	2.175	13.58287	87.0	0.0	-0.8174928	1.9872117	1.3521923	-13.035952	3720000	-1.3411045e-08	9.414015	-0.0107280165	-3.9008071	0.71568966	0.028970117	0.139125	99.0	1748.4907257556915
93	-1.181545	2.7164352	4.0614586	-8.78195	1000.0	12.925	49.092457	243.0	0.0	-0.26785958	0.48862633	0.115832806	-1.70653	3760000	-1.1920929e-08	49.287804	-0.010130709	-5.814324	0.70823604	0.0029417246	0.0854	99.0	1767.3171689510345
94	-1.6881683	1.8555672	2.6318693	-6.385617	1000.0	1.325	5.785272	28.0	0.0	-1.1216575	2.1380742	0.4778012	-5.4184546	3800000	-2.3841858e-08	5.4923615	-0.011147797	-4.12621	0.72353005	0.019073639	0.1068	99.0	1786.1300711631775
95	-1.6154467	2.0055633	3.184408	-6.411843	1000.0	26.925	93.93093	502.0	0.0	-0.22357434	0.41198805	0.15467787	-1.2187972	3840000	-1.1920929e-08	131.01976	-0.01073699	-70.51713	0.7262462	0.00083747634	0.071775004	99.0	1805.7977905273438
96	-1.4775201	2.0626218	3.205557	-6.033095	1000.0	8.5	35.85108	218.0	0.0	-2.9787183	8.503122	1.5026972	-35.820343	3880000	0.0	91.187355	-0.010006072	-65.712006	0.7418857	0.017326325	0.10825	99.0	1824.2600495815277
97	-1.7478225	2.9697046	8.451064	-7.4073563	1000.0	0.6	2.624881	13.0	0.0	-0.94979256	1.3426967	0.29165792	-3.9267483	3920000	-1.1920929e-08	2.5649135	-0.010794108	-2.1264513	0.731161	0.015123936	0.1118	99.0	1842.4687123298645
98	-1.3059771	2.239397	2.7806027	-8.649177	1000.0	5.1	19.61479	101.0	0.0	-0.18958832	0.33821765	0.17338192	-0.90181327	3960000	-3.7252903e-09	12.2264	-0.0104610715	-0.3904694	0.7198153	0.005132934	0.08409999	99.0	1861.081162929535
99	-1.8686012	2.2702432	1.9943857	-8.198148	1000.0	2.0	10.356157	65.0	0.0	-0.4393022	0.5442813	0.39933228	-1.3771573	4000000	-8.940697e-09	3.638113	-0.007651451	-0.2167844	0.73396456	0.007174169	0.06655	99.0	1879.7517716884613
100	-1.2706239	2.044834	3.5024343	-7.7922435	1000.0	8.1	33.266197	203.0	0.0	-0.21782471	0.35579324	0.05710554	-1.2320602	4040000	1.1920929e-08	20.149488	-0.010268308	-1.4331175	0.74260175	0.0027086616	0.069225	99.0	1898.840502023697
101	-1.3148863	2.9605844	10.800843	-6.0084343	1000.0	10.475	40.019985	234.0	0.0	-0.7145296	1.2239734	0.6007818	-4.065482	4080000	0.0	35.62744	-0.012167079	-22.39768	0.76209337	0.007252668	0.103975	99.0	1917.3526449203491
102	-1.4876918	2.4277112	4.2904916	-10.701158	1000.0	1.05	4.625743	24.0	0.0	-0.5152529	2.0797336	0.69941926	-29.737469	4120000	0.0	5.2444386	-0.008633368	-4.445801	0.78114265	0.015657257	0.1309	99.0	1936.1490161418915
103	-2.2600963	2.4704435	4.0879874	-9.675165	1000.0	3.475	13.198462	77.0	0.0	-0.10343181	0.21786751	0.124471664	-0.5329758	4160000	1.4901161e-08	5.7648015	-0.0090895165	-0.22204646	0.7609124	0.0033558966	0.101600006	99.0	1954.6354179382324
104	-1.7227405	2.745855	4.9468975	-8.629607	1000.0	1.475	9.211372	59.0	0.0	-0.3066051	0.43852082	0.11251724	-1.5391405	4200000	-8.940697e-09	3.069077	-0.0079481425	-0.30286244	0.7660708	0.016336152	0.100250006	99.0	1973.1515817642212
105	-1.5187387	2.136887	4.340882	-6.3014417	1000.0	1.95	8.686051	47.0	0.0	-0.18312861	0.36092702	0.065286994	-1.2455868	4240000	2.9802323e-09	2.914814	-0.008723988	-0.24289727	0.76697826	0.015953753	0.1449	99.0	1991.8225014209747
106	-2.174598	2.6200078	3.4026682	-8.780292	1000.0	9.6	31.975615	189.0	0.0	-0.19812058	0.3602619	0.15618336	-1.0930332	4280000	7.450581e-09	24.72696	-0.012318943	-2.032722	0.77062	0.0025949432	0.087950006	99.0	2010.7144613265991
107	-1.8897829	2.633999	2.6760354	-9.015519	1000.0	4.925	16.075428	80.0	0.0	-0.7306405	1.3537421	0.3747623	-4.385235	4320000	1.4901161e-08	8.219864	-0.011634269	-0.96955633	0.7857245	0.010916163	0.102149986	99.0	2029.7638545036316
108	-1.5788733	2.344831	4.0912914	-7.264879	1000.0	1.75	6.1836476	26.0	0.0	-0.44382423	0.7137952	0.116491914	-2.0138268	4360000	-1.1920929e-08	1.960846	-0.011618396	-0.49367657	0.794589	0.050688583	0.163775	99.0	2048.162889480591
109	-1.2779505	2.236437	4.701125	-8.615909	1000.0	1.45	6.103073	35.0	0.0	-0.17026484	0.23683465	0.20920837	-0.5552865	4400000	4.4703485e-09	1.3244369	-0.008823971	-0.085186265	0.79234403	0.0058566397	0.096425004	99.0	2066.3218195438385
110	-1.590143	2.629223	5.626237	-8.374122	1000.0	6.15	35.12303	225.0	0.0	-0.15577854	0.28950968	0.1999265	-0.7510313	4440000	4.4703485e-09	26.908955	-0.009493832	-2.4318547	0.8077243	0.0026592151	0.08325	99.0	2085.063735961914
111	-1.8937687	2.725632	3.5800977	-9.372208	1000.0	7.15	31.663504	168.0	0.0	-0.5752793	1.1910657	0.26729834	-4.032101	4480000	2.0861625e-08	25.88157	-0.011497274	-3.1485374	0.8298522	0.01575243	0.154125	99.0	2103.3978939056396
112	-1.3611567	2.2193387	4.298279	-5.787852	1000.0	2.9	10.3048525	56.0	0.0	-0.7490489	0.88491964	0.48655534	-2.3413725	4520000	5.9604646e-09	4.8332763	-0.012555654	-0.6786482	0.8349717	0.034134172	0.165975	99.0	2122.371640920639
113	-1.1922369	2.2225657	4.358536	-6.908202	1000.0	10.75	47.363884	284.0	0.0	-0.31533295	0.50776017	0.59980214	-1.2219268	4560000	2.0861625e-08	46.894005	-0.011433819	-3.7582526	0.83898365	0.002956917	0.09515001	99.0	2140.8943786621094
114	-1.0682424	2.4531932	7.0112586	-9.589727	1000.0	20.725	76.42054	364.0	0.0	-0.8949586	1.5107372	0.38432503	-4.9780874	4600000	-2.3841858e-08	98.6562	-0.010036098	-45.98702	0.8553611	0.0028818375	0.091900006	99.0	2159.9811005592346
115	-1.5834714	1.9548521	1.6884527	-8.766205	1000.0	9.725	36.53627	193.0	0.0	-0.8370207	3.4253597	3.3952785	-23.606272	4640000	-1.8626451e-08	42.892876	-0.014538581	-35.30225	0.8721498	0.010417893	0.117525004	99.0	2178.455591440201
116	-1.3337176	2.6252494	3.8029702	-10.990861	1000.0	3.45	12.507896	62.0	0.0	-1.044644	5.087406	2.115911	-43.499027	4680000	0.0	28.440329	-0.00998275	-24.270464	0.8631457	0.013662743	0.116849996	99.0	2196.700880765915
117	-1.5060011	2.345959	4.4660845	-7.576183	1000.0	1.525	5.375814	22.0	0.0	-0.28732252	0.37559134	1.156355	-1.2734435	4720000	-1.3411045e-08	1.2637484	-0.010787896	-0.17794204	0.8486079	0.009550002	0.102524996	99.0	2215.3523209095
118	-0.965419	1.4286325	3.522427	-3.3597631	1000.0	3.7	23.106491	148.0	0.0	-0.16860522	0.2004943	0.21295369	-0.8342788	4760000	1.4901161e-09	12.967154	-0.008686522	-2.964935	0.8592888	0.0037077419	0.076850004	99.0	2233.6053290367126
119	-0.94786423	1.8410373	3.15661	-5.5701084	1000.0	0.0	0.0	0.0	0.0	-0.29067177	1.1730006	0.9651818	-8.717004	4800000	8.940697e-09	1.2944067	-0.014057463	-1.2223661	0.8636459	0.013803718	0.1312	99.0	2252.243532180786
120	-1.4026915	2.5485165	6.1689057	-7.0802336	1000.0	1.5	8.899438	57.0	0.0	-0.04180124	0.11118925	0.5235779	-0.632359	4840000	4.4703485e-09	2.5734372	-0.008875018	-0.28499928	0.8429824	0.008222608	0.10057499	99.0	2271.1594920158386
121	-1.4154845	2.0461068	1.4145395	-9.650162	1000.0	1.175	7.3378725	47.0	0.0	-0.12456541	0.28255367	0.29329598	-1.7024926	4880000	-7.0780515e-09	1.874363	-0.0089461375	-1.1334739	0.84226274	0.013510439	0.11327501	99.0	2289.8266105651855
122	-1.3972973	2.1386838	2.7836025	-7.2211876	1000.0	0.8	3.661967	21.0	0.0	-0.14838661	0.49420053	0.95892763	-8.7927265	4920000	0.0	0.7352247	-0.014434802	-0.47720784	0.83949363	0.015014653	0.135625	99.0	2308.27103805542
123	-1.568033	2.3203027	2.4345977	-9.290924	1000.0	3.5	12.124355	67.0	0.0	-0.064908616	0.25982374	0.614426	-4.749073	4960000	1.3038516e-08	4.5594015	-0.011314347	-1.7872779	0.8256218	0.012525627	0.148375	99.0	2326.71684551239
124	-1.0150704	2.4796271	5.4914055	-7.358251	1000.0	1.275	7.9623723	51.0	0.0	-0.18532944	0.41197416	1.9764678	-6.113039	5000000	4.842877e-09	2.2356284	-0.010328488	-0.20116982	0.825066	0.010534796	0.13245	99.0	2345.2052433490753
125	-1.6217693	2.5741963	2.6550093	-9.151215	1000.0	5.8	29.6076	188.0	0.0	-0.10416261	0.26909432	1.7997088	-2.0756319	5040000	8.940697e-09	18.011724	-0.0102604125	-6.2280893	0.81950176	0.0028347552	0.081599995	99.0	2363.4716835021973
126	-1.2536237	2.181404	2.463577	-9.567644	1000.0	2.225	7.1954412	34.0	0.0	-0.6529963	1.3387287	3.348558	-14.631402	5080000	-7.450581e-09	3.573677	-0.016572833	-2.9011395	0.84019053	0.013517144	0.14559999	99.0	2381.813594341278
127	-1.5948018	2.4130852	2.9182081	-8.958031	1000.0	0.0	0.0	0.0	0.0	-0.227128	0.70750207	1.6125127	-14.740986	5120000	1.4901161e-09	0.535821	-0.013926233	-0.5259891	0.81945753	0.01324828	0.135875	99.0	2399.988804578781
128	-1.5986222	2.163365	2.633293	-8.033099	1000.0	0.0	0.0	0.0	0.0	-0.022459585	0.0884674	0.36867142	-0.8258977	5160000	0.0	0.007795179	-0.016745983	-0.004840725	0.79678017	0.010763796	0.113400005	99.0	2418.535423517227
129	-1.3542464	2.6692355	4.386768	-7.778833	1000.0	4.575	25.019878	160.0	0.0	-0.008347276	0.08202899	0.687901	-4.321747	5200000	-1.0430813e-08	15.690051	-0.00867652	-5.033333	0.7862776	0.0034833767	0.080025	99.0	2437.1134116649628
130	-1.2968795	2.6421373	5.2931566	-7.7457967	1000.0	0.9	4.431704	28.0	0.0	0.06215614	0.6751323	1.7525148	-12.598566	5240000	1.4901161e-08	1.2231567	-0.01299679	-0.8467035	0.7985949	0.010983896	0.111899994	99.0	2455.570912837982
131	-1.4809846	1.8309854	2.7025626	-6.474834	1000.0	24.25	105.12415	503.0	0.0	-0.04430837	0.36019593	1.1128576	-5.5405345	5280000	5.9604646e-09	139.24405	-0.00948716	-127.93378	0.78040034	0.0013720725	0.0767	99.0	2474.160301923752
132	-1.168266	1.8912205	3.242617	-7.2367196	1000.0	7.125	28.648026	133.0	0.0	-0.23400214	1.1889075	21.349888	-45.35464	5320000	-5.9604646e-09	20.134836	-0.011755286	-18.171133	0.7957428	0.0098233875	0.13039999	99.0	2493.809586286545
133	-1.4329987	2.4286358	3.1729627	-9.21426	1000.0	1.975	9.753173	60.0	0.0	-0.44025162	3.713009	6.0356035	-57.874825	5360000	1.3411045e-08	14.936839	-0.008001785	-11.847363	0.7885586	0.014948472	0.13500002	99.0	2512.959435224533
134	-0.9603032	1.9691586	4.4333982	-5.2440615	1000.0	5.95	22.72768	136.0	0.0	-0.12986745	0.89127225	25.726559	-4.011443	5400000	-5.2154063e-09	12.384702	-0.014240235	-5.883598	0.7687988	0.0058567636	0.096949995	99.0	2531.3845648765564
135	-1.342233	1.8705077	1.7747198	-7.9029927	1000.0	1.375	4.6026487	20.0	0.0	-0.50135994	1.2016083	2.5357246	-18.065014	5440000	1.1920929e-08	2.3265483	-0.014888811	-1.835469	0.78965557	0.01249717	0.131125	99.0	2551.013540506363
136	-1.1170099	1.5514009	2.2837186	-5.6064987	1000.0	0.2	1.2489996	8.0	0.0	-0.1473021	0.452828	2.0128317	-3.91433	5480000	-1.4901161e-09	0.2303602	-0.01558881	-0.21394365	0.7794317	0.013272787	0.126075	99.0	2570.44792675972
137	-0.9271003	2.6274312	5.1365237	-8.261805	1000.0	7.25	40.07914	257.0	0.0	-0.028130624	0.1402091	0.9086957	-2.496233	5520000	0.0	24.026035	-0.009306328	-17.38639	0.76663965	0.0023024804	0.080175	99.0	2590.602872133255
138	-1.577883	2.3574653	1.2509729	-11.559786	1000.0	0.55	2.7472713	17.0	0.0	-0.24883078	1.6533514	1.2459955	-31.688496	5560000	-5.9604646e-09	2.9140685	-0.014029726	-2.611463	0.78375524	0.014319095	0.139325	99.0	2609.77104139328
139	-0.8433588	2.3438423	6.846519	-5.4182186	1000.0	0.275	1.7173746	11.0	0.0	-0.06825979	0.16298774	1.8828212	-1.6322273	5600000	-1.1920929e-08	0.14220294	-0.010139767	-0.025223399	0.7616364	0.009758579	0.100600004	99.0	2628.2777948379517
140	-1.4145864	2.4784448	3.5909438	-10.257019	1000.0	2.4	12.1918	76.0	0.0	-0.03940138	0.10649854	1.3388869	-1.2467449	5640000	-9.685754e-09	5.0869017	-0.01038723	-3.5496	0.7579714	0.008672252	0.11377499	99.0	2646.853568315506
141	-1.2604187	1.9230157	2.5146377	-6.5861835	1000.0	4.025	15.486264	70.0	0.0	-0.016620874	0.6715666	0.98474205	-16.928247	5680000	4.4703485e-09	8.564869	-0.012728465	-4.4455457	0.7597298	0.02972739	0.14649999	99.0	2665.096543073654
142	-1.5395024	2.1170797	3.4559088	-8.00263	1000.0	7.4	22.86132	108.0	0.0	-0.35994357	1.2245644	0.5562941	-34.060947	5720000	5.9604646e-09	10.979985	-0.013552636	-8.7945795	0.74687964	0.009268425	0.1368	99.0	2683.9084932804108
143	-1.6529267	2.9801028	6.5994925	-10.60245	1000.0	11.5	64.70858	413.0	0.0	-0.8716623	3.0852625	0.62042594	-24.91136	5760000	2.3841858e-08	59.902626	-0.009439066	-50.424408	0.7449518	0.008451894	0.1127	99.0	2702.727971792221
144	-1.1419061	2.2691612	2.6802092	-9.135024	1000.0	4.5	23.76447	150.0	0.0	-0.26437235	1.2854854	0.7591324	-34.60306	5800000	6.146729e-09	12.733371	-0.012601648	-6.9068117	0.73067665	0.011407086	0.13485	99.0	2721.0763161182404
145	-1.1290367	2.242023	2.5393643	-7.434613	1000.0	1.325	5.9050293	32.0	0.0	-0.1702019	0.47425732	0.6499202	-8.863164	5840000	0.0	1.4180586	-0.0117578935	-0.797655	0.7071706	0.011355568	0.13165	99.0	2740.1031563282013
146	-1.3694041	1.6008482	1.5008885	-5.3921866	1000.0	1.65	10.304246	66.0	0.0	-0.16340855	0.8300118	0.7805233	-15.878347	5880000	7.450581e-09	3.820057	-0.014087426	-1.7435249	0.6964866	0.026650395	0.17902502	99.0	2758.890065431595
147	-1.3873848	2.5992756	8.338622	-8.243216	1000.0	0.0	0.0	0.0	0.0	-0.16294068	0.59505504	0.5264095	-11.258401	5920000	-1.4901161e-09	0.3577247	-0.013006282	-0.34050113	0.67417264	0.013487381	0.12802501	99.0	2777.887436389923
148	-1.1283848	1.7833487	3.0207376	-6.2178817	1000.0	6.45	28.0187	163.0	0.0	-0.023791395	0.0929002	0.76707816	-2.5513995	5960000	-1.7881394e-08	20.432755	-0.008018385	-13.747561	0.6519085	0.0057167034	0.104200006	99.0	2796.6756041049957
149	-1.2956331	2.2572138	2.5968943	-9.410745	1000.0	37.55	160.61615	823.0	0.0	-0.35438976	2.9306633	0.79744554	-43.175556	6000000	-2.0861625e-08	274.2552	-0.011219513	-251.55771	0.6641798	0.0016309209	0.08375	99.0	2815.89897274971
150	-1.3944727	2.7648854	2.8869069	-11.546533	1000.0	9.425	40.105415	231.0	0.0	-0.16725843	3.5735757	2.2101896	-68.36062	6040000	-2.9802323e-09	46.900543	-0.012935829	-16.892103	0.6799597	0.015771436	0.17055002	99.0	2834.431248188019
151	-1.1146785	2.4611726	4.929568	-8.445158	1000.0	20.45	69.41612	303.0	0.0	-0.98925936	1.5506333	0.29247832	-5.7749333	6080000	8.940697e-09	92.48503	-0.0126722995	-67.40346	0.6596192	0.017981935	0.124825	99.0	2853.246650457382
152	-1.6307427	2.2574775	3.8650775	-9.570472	1000.0	0.0	0.0	0.0	0.0	-0.78331417	3.8761284	1.6877292	-41.860573	6120000	-8.940697e-09	15.574771	-0.011946997	-15.557544	0.669575	0.017217452	0.133425	99.0	2872.098461151123
153	-1.8607225	2.5905826	1.1456335	-8.961055	1000.0	3.1	17.68163	113.0	0.0	-0.012897327	0.0631347	0.3666811	-0.14969659	6160000	0.0	9.452349	-0.0060361307	-0.7022503	0.6457655	0.0032986596	0.094375	99.0	2890.599256515503
154	-1.6542008	2.601114	3.5318618	-8.299362	1000.0	15.925	74.912415	453.0	0.0	-0.29473662	0.76478904	0.51565933	-2.6016898	6200000	-1.1920929e-08	86.93245	-0.011508353	-35.300713	0.6538313	0.0045331297	0.1025	99.0	2909.3001568317413
155	-1.4650496	2.5158603	6.5927114	-7.997511	1000.0	0.825	5.152123	33.0	0.0	-1.2422187	4.5159335	2.4582977	-27.850838	6240000	-2.3841858e-08	19.655727	-0.009074417	-17.752537	0.68262404	0.016822476	0.127625	99.0	2927.6240105628967
156	-1.3469265	1.833821	1.5925113	-6.249516	1000.0	20.225	123.45475	791.0	0.0	-0.21628599	0.39314702	0.17519927	-0.9656024	6280000	-1.1920929e-08	126.13527	-0.0056849727	-42.24112	0.676137	0.00095122494	0.074774995	99.0	2945.9255871772766
157	-1.1995424	1.7902489	2.0761728	-5.0682144	1000.0	0.475	2.0974686	11.0	0.0	-1.6872362	5.01397	1.6615765	-22.159405	6320000	-7.152558e-08	24.203514	-0.010127222	-23.01836	0.70276207	0.015468029	0.094	99.0	2964.3812732696533
158	-1.9094394	2.4070787	4.0468946	-8.628888	1000.0	0.6	3.7469985	24.0	0.0	-0.1860576	0.45790988	0.19171453	-1.5850664	6360000	-1.1920929e-08	0.7432639	-0.008300448	-0.18121532	0.6918023	0.018790446	0.114824995	99.0	2982.779969930649
159	-1.166423	2.2261114	1.7958045	-8.866188	1000.0	10.35	50.712204	312.0	0.0	-0.09271401	0.2674763	0.39687014	-0.8479358	6400000	-1.7881394e-08	50.805958	-0.008542089	-5.7158303	0.69193596	0.00043020846	0.064950004	99.0	3001.47572183609
160	-1.2488377	2.6011274	6.2572083	-11.057094	1000.0	7.575	27.931961	151.0	0.0	-0.7935478	2.01313	0.41897762	-6.7343454	6440000	1.1920929e-08	25.889795	-0.012604924	-5.373457	0.7057939	0.022021962	0.17695001	99.0	3020.634562253952
161	-1.2225782	2.7297933	3.2402549	-12.854654	1000.0	0.575	3.1455324	20.0	0.0	-0.76019084	1.0665907	0.32216597	-3.084611	6480000	-1.1920929e-08	1.6987928	-0.011218803	-1.1820021	0.7178925	0.010378271	0.0862	99.0	3039.14307141304
162	-1.3809465	2.4177094	3.63221	-7.751151	1000.0	3.225	18.314594	117.0	0.0	-0.13198903	0.28057337	0.2797848	-0.6831634	6520000	1.0430813e-08	8.49368	-0.0116305705	-0.3235747	0.7119746	0.04020243	0.111025	99.0	3057.7102360725403
163	-1.2247999	2.0802567	3.1301377	-6.717173	1000.0	2.825	10.933635	59.0	0.0	-0.25930524	0.28407958	0.09746456	-0.81399274	6560000	-5.9604646e-09	4.6854453	-0.009623418	-0.40149218	0.71190304	0.02331693	0.140275	99.0	3076.107571363449
164	-1.8904092	2.6844223	1.7674111	-11.797974	1000.0	3.675	13.947021	74.0	0.0	-0.2786424	0.48695254	0.19240546	-2.0445619	6600000	5.9604646e-09	4.72801	-0.011354005	-0.9145436	0.7204485	0.007313233	0.099275	99.0	3094.871671438217
165	-1.7192373	2.208205	1.8391705	-10.00588	1000.0	0.875	5.464373	35.0	0.0	-0.29080963	0.6312204	0.31619263	-3.1930563	6640000	0.0	1.2867695	-0.010421908	-0.21448295	0.73545647	0.009490581	0.08695	99.0	3113.9490344524384
166	-1.7574279	2.6549923	1.4764014	-11.170504	1000.0	4.175	20.272997	126.0	0.0	-0.115419045	0.29241657	0.11785352	-1.5766759	6680000	-2.2351743e-09	12.677791	-0.010194219	-2.04589	0.72959083	0.007754243	0.09905	99.0	3133.049346446991
167	-1.4674295	2.432853	3.2814338	-8.814025	1000.0	3.775	11.773885	55.0	0.0	-0.47041896	0.9335276	0.7374995	-7.048727	6720000	-2.9802323e-09	5.9823213	-0.012419084	-1.6098707	0.73990846	0.013496148	0.14667499	99.0	3152.5992300510406
168	-0.8793236	2.9642396	9.918991	-7.575442	1000.0	2.0	7.6288924	42.0	0.0	-0.2787714	0.6317119	0.56001043	-4.9334345	6760000	-2.5331975e-08	2.40563	-0.013443386	-0.35479543	0.7387628	0.018920982	0.14087501	99.0	3172.6182568073273
169	-1.5671096	2.6557395	3.5343459	-8.443262	1000.0	4.575	22.679161	143.0	0.0	-0.3303989	0.7102875	0.25848937	-4.286283	6800000	5.9604646e-09	12.922293	-0.009304339	-4.247159	0.72036916	0.0060002804	0.096875	99.0	3192.285795211792
170	-2.1247492	2.7033827	1.8565327	-8.939837	1000.0	0.6	3.746999	24.0	0.0	-0.17524283	0.45526886	0.48988378	-11.361042	6840000	4.4703485e-09	0.5272207	-0.010382379	-0.19688942	0.73240256	0.009480293	0.105525	99.0	3210.9474952220917
171	-0.73344743	2.0187101	6.568725	-5.2372417	1000.0	1.75	8.245454	49.0	0.0	-0.09021757	0.20375739	0.33963656	-5.2229333	6880000	-1.7881394e-08	2.6186311	-0.009956123	-0.19487837	0.7176739	0.36606047	0.16132501	99.0	3229.725216627121
172	-1.3202188	1.8895676	3.449502	-5.5481653	1000.0	5.325	27.56573	173.0	0.0	-0.15577157	0.34371227	0.019063473	-2.6733203	6920000	2.9802323e-09	13.424304	-0.009595962	-5.63219	0.706052	0.0041350783	0.104499996	99.0	3248.486122608185
173	-1.3513752	1.7361953	2.192516	-6.1472054	1000.0	0.4	2.4979994	16.0	0.0	-0.13646756	0.55864507	0.5709466	-9.175109	6960000	4.4703485e-09	0.44989115	-0.009507453	-0.19829965	0.7155481	0.01025062	0.092549995	99.0	3267.7918112277985
174	-1.362666	1.6917875	2.5762234	-6.8411465	1000.0	0.975	6.0888734	39.0	0.0	-0.07487092	0.23181047	0.047110915	-3.773202	7000000	2.9802323e-09	1.2699251	-0.0071758134	-0.08729942	0.6966388	0.016429065	0.129425	99.0	3286.422693967819
175	-1.6703991	2.2374704	2.7054825	-7.5621333	1000.0	2.425	8.980221	47.0	0.0	-0.06941821	0.17257355	0.041472316	-0.6430135	7040000	4.4703485e-09	2.928858	-0.009843034	-0.14398097	0.699479	0.0070450036	0.11652501	99.0	3305.5578067302704
176	-1.4289411	1.6557456	2.0207832	-5.7721853	1000.0	0.0	0.0	0.0	0.0	-0.19092412	0.27499348	0.02786827	-0.7820945	7080000	-2.3841858e-08	0.092898294	-0.01417546	-0.08801493	0.70553124	0.016392084	0.106525004	99.0	3323.8445234298706
177	-1.181797	1.6232761	2.8050349	-4.687715	1000.0	0.0	0.0	0.0	0.0	-0.03194744	0.12014562	0.031489372	-3.3133512	7120000	-7.4505807e-10	0.015858017	-0.0063577145	-0.015038116	0.70085645	0.010483953	0.094124995	99.0	3343.6928584575653
178	-1.3974758	2.1428037	1.9166864	-7.8124723	1000.0	0.95	5.932748	38.0	0.0	-0.013801776	0.037341002	0.030568242	-0.6292261	7160000	5.9604646e-09	1.1748407	-0.0073073646	-0.032443468	0.69374746	0.0035133034	0.075425	99.0	3362.426531791687
179	-1.50588	2.7431586	6.819634	-8.32966	1000.0	5.7	25.063122	149.0	0.0	-0.06357137	0.17034997	0.034795046	-0.95632446	7200000	8.940697e-09	18.12107	-0.011659615	-17.33678	0.6978489	0.0059973113	0.111150004	99.0	3381.5734193325043
180	-1.5134069	2.4656043	4.9642625	-6.6840854	1000.0	9.975	42.86694	261.0	0.0	-0.19488162	1.8349996	0.32559836	-33.334465	7240000	2.9802323e-09	43.80155	-0.0114212865	-30.02475	0.7070424	0.0064625787	0.095075	99.0	3401.0724046230316
181	-1.4842069	1.5921773	1.0505219	-7.1116586	1000.0	1.075	4.84452	27.0	0.0	-0.66524297	2.3155456	5.3822894	-44.562485	7280000	-2.2351743e-09	6.350408	-0.010211668	-5.4037123	0.71563363	0.010738621	0.1062	99.0	3419.755175113678
182	-1.080731	1.7804105	2.4470985	-6.3907156	1000.0	16.15	79.99955	506.0	0.0	-0.14365235	0.20880274	0.35737622	-2.0527139	7320000	-2.3841858e-08	91.56491	-0.008668002	-80.71013	0.7052442	0.0009340487	0.0727	99.0	3438.3140857219696
183	-1.7581819	2.0454113	2.2673247	-7.349055	1000.0	12.75	79.623726	510.0	0.0	-0.21415032	0.7443847	1.4980693	-35.054695	7360000	2.9802323e-09	74.446526	-0.008063377	-40.1585	0.71945554	0.001035913	0.0795	99.0	3456.8647253513336
184	-1.2401233	2.0391254	3.1458378	-8.921854	1000.0	2.4	8.306023	39.0	0.0	-2.3312032	6.7046976	7.698963	-29.065554	7400000	2.9802322e-08	44.07496	-0.011650827	-39.007175	0.71350807	0.013176357	0.10535	99.0	3475.2648079395294
185	-1.510756	2.1450346	2.3179204	-6.9870105	1000.0	7.9	41.268513	263.0	0.0	-0.49344897	0.7689311	0.83943796	-3.767702	7440000	-1.4901161e-09	33.723484	-0.009226264	-27.20631	0.70794773	0.0047229663	0.078250006	99.0	3493.7595551013947
186	-1.078397	2.0884967	1.7887746	-8.049224	1000.0	2.6	7.84793	30.0	0.0	-0.33554098	2.3537295	1.3079817	-72.264595	7480000	6.7055224e-09	7.5420866	-0.011248797	-5.6503663	0.73199564	0.013717008	0.139775	99.0	3512.3089990615845
187	-1.4455544	1.7353956	1.4780341	-6.3657393	1000.0	3.05	13.9336815	88.0	0.0	-0.23215371	0.3251388	0.764251	-2.6620948	7520000	2.9802323e-09	4.804614	-0.008969207	-2.792938	0.71566087	0.0051002298	0.1099	99.0	3531.0243632793427
188	-1.1457157	2.2762783	6.931333	-4.939606	1000.0	8.425	33.712673	192.0	0.0	-0.089761466	0.32969242	1.4501328	-7.025179	7560000	1.15484e-08	30.514652	-0.011894967	-25.727177	0.70931447	0.009202726	0.124975	99.0	3549.237946510315
189	-1.5482626	2.097098	3.0644045	-7.1510835	1000.0	5.55	22.968401	141.0	0.0	-0.030560033	1.9797481	11.410468	-61.769756	7600000	-5.9604646e-09	19.008924	-0.014313614	-14.222705	0.7273818	0.009879187	0.11570001	99.0	3568.8783028125763
190	-1.4072858	1.6714692	1.8593931	-5.525319	1000.0	8.45	27.724493	114.0	0.0	-0.19259161	0.9761214	1.230159	-28.789364	7640000	2.9802323e-09	24.957113	-0.013807905	-19.512714	0.7220582	0.014708063	0.157425	99.0	3588.2834465503693
191	-0.98445666	1.8206136	4.7403483	-6.1488767	1000.0	3.55	21.538279	138.0	0.0	-0.68070894	2.4328918	2.2510166	-49.11093	7680000	-4.4703485e-09	15.270521	-0.014145561	-12.353756	0.7127919	0.011814678	0.12895	99.0	3608.0806226730347
192	-1.837784	2.419297	7.0738173	-7.5311155	1000.0	1.15	6.0313764	38.0	0.0	-0.20626728	0.46615145	0.9711001	-9.850494	7720000	0.0	1.595746	-0.012657337	-1.0111363	0.69724137	0.009806847	0.103975	99.0	3627.8185358047485
193	-2.305533	2.9475503	2.255444	-8.161405	1000.0	1.6	5.8215113	29.0	0.0	-0.05779082	0.36899757	1.0451517	-6.7341814	7760000	1.4901161e-09	1.479306	-0.0125248525	-0.9845351	0.6908312	0.008626707	0.110825	99.0	3646.425719976425
194	-1.2757181	1.6893939	3.3154087	-4.7700634	1000.0	17.05	77.17511	478.0	0.0	-0.18982883	0.7883161	1.5181112	-13.635443	7800000	-2.9802323e-09	95.99668	-0.012678742	-89.103714	0.6826743	0.003774905	0.09497501	99.0	3665.4825527668
195	-1.5470482	1.9836644	3.8505428	-5.213222	1000.0	2.8	15.000333	95.0	0.0	-0.19627777	0.98800415	1.5859966	-39.808243	7840000	-9.313226e-09	7.109063	-0.013510819	-5.6883655	0.6962368	0.013074095	0.1392	99.0	3684.037418603897
196	-1.3460972	2.1833644	6.749959	-5.1685424	1000.0	1.1	5.607138	35.0	0.0	-0.19336389	0.8737558	4.8265657	-35.516983	7880000	7.4505807e-10	1.9673141	-0.014261236	-1.3913648	0.68390626	0.012962622	0.13525	99.0	3703.335347175598
197	-1.1743433	1.5764011	1.3933877	-4.6033273	1000.0	3.975	13.629908	59.0	0.0	-0.17272885	0.7132892	0.9500079	-26.95199	7920000	1.0430813e-08	6.0537815	-0.01275734	-5.1184897	0.6671653	0.006944459	0.11112499	99.0	3722.7981176376343
198	-1.2602384	2.1366377	3.8683898	-7.3754716	1000.0	0.575	2.5679517	14.0	0.0	-0.06752369	0.56995726	2.66938	-10.260117	7960000	7.2643163e-09	0.50462484	-0.015239323	-0.28047556	0.6553879	0.013910641	0.14847499	99.0	3741.944402217865
199	-1.0731605	1.6659443	2.5929625	-4.774066	1000.0	9.4	49.587196	317.0	0.0	-0.065713525	0.31799626	4.367261	-2.4023876	8000000	-5.9604646e-09	29.91219	-0.00997938	-26.718683	0.64610326	0.0034969088	0.090675	99.0	3760.499142885208
200	-1.8770199	2.0318584	2.1649795	-6.354167	1000.0	4.725	16.989685	92.0	0.0	-0.5675419	3.034931	1.0471878	-33.99702	8040000	8.940697e-09	19.422754	-0.011477791	-18.355991	0.6696722	0.015623669	0.13455	99.0	3779.1277978420258
201	-1.203542	1.8901571	3.5927057	-4.650976	1000.0	6.05	32.402893	207.0	0.0	-0.24700317	1.2712485	6.8989115	-30.633383	8080000	-5.9604646e-09	23.812866	-0.01125071	-22.537197	0.6611872	0.00754437	0.11552499	99.0	3798.297349214554
202	-1.3352418	2.1569774	2.8577292	-5.0668635	1000.0	16.475	57.58037	342.0	0.0	-0.16069518	1.4550036	1.9622831	-59.05295	8120000	2.3841858e-08	67.51526	-0.012065301	-53.77581	0.6555701	0.004089787	0.10735001	99.0	3817.1820981502533
203	-1.2644045	1.409331	1.9444724	-5.561993	1000.0	8.25	40.965076	262.0	0.0	-0.35833934	1.1876178	1.9163232	-25.26347	8160000	2.9802323e-09	38.457397	-0.011537937	-33.323723	0.6657752	0.011188765	0.128625	99.0	3836.0306646823883
204	-1.4345205	1.4587096	1.910501	-5.2731767	1000.0	3.225	14.507735	89.0	0.0	-0.10540041	0.35951757	0.6289594	-2.5016065	8200000	-4.4703485e-09	6.015771	-0.011318387	-1.376583	0.6627859	0.008727986	0.117725	99.0	3854.653899908066
205	-1.30846	1.5385066	1.8828286	-4.693899	1000.0	2.5	6.8264194	30.0	0.0	-0.16993728	0.84806854	11.783356	-31.143269	8240000	-1.0430813e-08	2.5770376	-0.012217044	-1.1344897	0.6700309	0.011140378	0.13967499	99.0	3873.71320271492
206	-1.7833973	2.0516741	1.5169559	-9.273756	1000.0	19.65	102.03787	652.0	0.0	-0.56052303	3.0102196	3.219689	-48.571842	8280000	2.0861625e-08	133.63661	-0.011422835	-95.19591	0.6683614	0.003824418	0.09695	99.0	3892.4439380168915
207	-1.4114107	2.069859	4.2631125	-5.4364767	1000.0	3.625	11.460121	54.0	0.0	-1.0895531	2.417138	2.0101058	-21.769321	8320000	1.6763806e-08	8.305449	-0.01624462	-6.783698	0.66647	0.011853079	0.14089999	99.0	3911.955230474472
208	-1.1342213	2.7959397	12.123575	-5.7557673	1000.0	20.6	89.9188	540.0	0.0	-0.74631864	3.7718093	1.5907862	-38.04142	8360000	-1.0430813e-08	76.9234	-0.012345058	-43.183388	0.6437217	0.0041492837	0.0996	99.0	3930.531572818756
209	-1.2334124	1.7850119	3.5086095	-5.425158	1000.0	18.3	81.0266	454.0	0.0	-1.2503637	5.4049497	6.141	-49.95528	8400000	8.940697e-09	90.74254	-0.012941813	-65.517715	0.6641228	0.00853303	0.12275001	99.0	3949.4061753749847
210	-1.6190033	2.4167259	3.4461007	-7.812159	1000.0	6.2	30.272264	185.0	0.0	-1.1817292	7.039538	4.2785835	-60.30562	8440000	-1.3411045e-08	46.800606	-0.008827233	-38.746716	0.6583501	0.018172922	0.13552502	99.0	3968.097077846527
211	-1.5472685	1.6399099	2.0884798	-4.9940634	1000.0	0.8	3.5156794	18.0	0.0	-0.09926305	1.0841794	7.194416	-26.505789	8480000	-1.4156103e-08	1.5769258	-0.013098386	-1.0825317	0.64283645	0.01715349	0.161625	99.0	3986.594241142273
212	-1.5005736	1.7867607	3.760029	-5.4474616	1000.0	5.9	22.683474	122.0	0.0	-0.19767678	0.7891143	0.9082477	-19.549877	8520000	0.0	12.861941	-0.010724692	-5.756993	0.61535174	0.005950882	0.110424995	99.0	4005.4732661247253
213	-1.3726296	2.3105438	7.4491067	-6.2401843	1000.0	4.325	16.745728	90.0	0.0	-0.30973396	0.9264098	5.225116	-10.984312	8560000	3.981404e-09	10.103941	-0.015239865	-1.7214966	0.62004155	0.018799044	0.145725	99.0	4024.224617958069
214	-1.5893395	1.9067888	2.6984646	-6.3555546	1000.0	3.825	18.282352	115.0	0.0	-0.4319126	1.036183	0.51984215	-7.0575886	8600000	5.9604646e-09	11.418403	-0.010484273	-3.5537198	0.6134138	0.019136513	0.137175	99.0	4043.9630875587463
215	-1.1345546	1.6085094	1.9182715	-5.7216086	1000.0	2.25	8.092435	35.0	0.0	-0.64397013	1.7543064	1.2099531	-9.35066	8640000	1.7881394e-08	5.3651876	-0.01319025	-2.6470356	0.6033014	0.020694535	0.180475	99.0	4062.6614356040955
216	-1.2459751	1.9512532	4.3626213	-6.6293845	1000.0	5.425	15.208365	59.0	0.0	-0.25680754	0.3045475	0.11000085	-1.1103067	8680000	4.4703485e-09	8.908284	-0.013408716	-0.59579986	0.58431965	0.01005624	0.13085	99.0	4081.58588886261
217	-1.3669304	1.7694927	4.076402	-5.498355	1000.0	3.0	11.621101	59.0	0.0	-0.5301662	0.5148893	0.22686744	-1.9823503	8720000	0.0	5.4109044	-0.011678548	-0.67186034	0.5940667	0.016895633	0.132275	99.0	4100.808683156967
