Epoch	AverageEpRet	StdEpRet	MaxEpRet	MinEpRet	EpLen	AverageEpCost	StdEpCost	MaxEpCost	MinEpCost	AverageVVals	StdVVals	MaxVVals	MinVVals	TotalEnvInteracts	LossPi	LossV	DeltaLossPi	DeltaLossV	Entropy	KL	ClipFrac	StopIter	Time
0	-0.66601545	1.2588125	0.80216324	-3.1979325	1000.0	53.3	67.1432	161.0	0.0	0.008509987	0.06533855	0.1431052	-0.13378529	10000	3.576279e-08	322.4093	-0.016609032	-112.63511	0.9189385	0.007392724	0.1165	99.0	9.57675552368164
1	-0.5922392	1.7171408	2.2214181	-3.6005692	1000.0	4.9	11.75117	39.0	0.0	-4.9090867	6.7561235	5.959489	-16.8315	20000	1.1920929e-08	59.39622	-0.019347094	-56.75061	0.91133976	0.010884503	0.1345	99.0	18.289892435073853
2	-2.330716	2.2952914	0.7306865	-5.887502	1000.0	13.9	41.7	139.0	0.0	-0.511826	0.7944399	0.62022984	-2.1728613	30000	-2.3841858e-08	0.812778	-0.015365553	-0.7511112	0.9028357	0.0051742243	0.10109999	99.0	27.138636589050293
3	-1.4714705	2.1375203	0.5000895	-6.026795	1000.0	17.1	51.3	171.0	0.0	-0.2709578	0.18060003	0.13695136	-0.84758466	40000	-5.9604646e-09	0.06988154	-0.02017505	-0.029668206	0.8840977	0.012728201	0.1671	99.0	35.87545704841614
4	-0.31540102	1.4219972	2.6297581	-2.36253	1000.0	48.4	100.955635	340.0	0.0	-0.18229672	0.22732402	0.16936806	-0.89843565	50000	0.0	0.10235101	-0.02128952	-0.062614426	0.8767437	0.013126555	0.1619	99.0	44.797353744506836
5	-0.13355759	0.5928014	1.0448306	-1.2136834	1000.0	80.2	126.45695	347.0	0.0	-0.0553025	0.09234339	0.21692722	-0.47552788	60000	-8.940697e-09	0.04153898	-0.021150004	-0.012863028	0.86751366	0.016465519	0.1735	99.0	53.726011514663696
6	0.24852178	0.79401934	1.5474235	-0.80886644	1000.0	136.6	171.4679	526.0	0.0	-0.016822195	0.058567278	0.14212453	-0.30013427	70000	-2.3841858e-08	45.066856	-0.022044307	-27.384542	0.856691	0.0038368083	0.12149999	99.0	62.53372025489807
7	0.38170892	1.1498603	2.4390113	-1.270906	1000.0	93.1	104.628334	274.0	0.0	-2.139898	2.0068073	1.6885607	-9.523172	80000	-1.1920929e-08	124.66235	-0.021149334	-54.187855	0.86746657	0.0043811714	0.1355	99.0	71.45387768745422
8	1.0309355	1.5862833	4.2556705	-0.6868641	1000.0	88.9	92.670876	227.0	0.0	-3.526454	3.2626562	1.344739	-14.575932	90000	0.0	115.54045	-0.026391054	-72.96773	0.8683076	0.0071315975	0.1628	99.0	80.27553415298462
9	-0.115551904	1.9131861	3.0682151	-3.8029838	1000.0	79.7	142.14151	488.0	0.0	-5.1425867	5.611376	1.2941313	-19.441656	100000	-5.9604646e-09	206.51656	-0.022718813	-175.55696	0.8637172	0.010107428	0.14119999	99.0	89.14526224136353
10	-0.7000779	1.347724	1.1609114	-3.1007082	1000.0	24.8	33.993526	104.0	0.0	-3.8242097	6.399658	0.78961736	-36.6031	110000	-2.9802323e-09	60.910484	-0.020967493	-53.0532	0.8700801	0.018448045	0.17259999	99.0	98.02922368049622
11	-0.5077651	1.3534322	1.0326492	-3.6080496	1000.0	36.3	47.29281	126.0	0.0	-0.5313308	2.8664405	5.2788363	-21.68181	120000	1.1920929e-08	49.51452	-0.022125432	-37.417004	0.85761404	0.012610147	0.1602	99.0	107.05359029769897
12	-0.39335924	0.73955715	0.48793307	-1.9219555	1000.0	85.7	118.254005	359.0	0.0	-1.9539437	3.0421324	0.5395396	-26.653076	130000	2.3841858e-08	183.57765	-0.026601875	-153.44125	0.8706552	0.0129195545	0.1605	99.0	116.01096296310425
13	0.42774367	0.69227475	1.7071822	-0.5988634	1000.0	32.7	58.81165	184.0	0.0	-8.013754	13.130198	34.822624	-34.54536	140000	-1.4901161e-08	258.05856	-0.024690088	-221.17976	0.8699068	0.02083266	0.16870001	99.0	124.73981261253357
14	0.61733747	1.6148922	3.8045762	-1.9133544	1000.0	46.3	51.94045	142.0	0.0	-1.9469289	3.2227814	11.6417465	-15.048577	150000	1.7881394e-08	56.094982	-0.027410338	-47.873707	0.8622165	0.010833512	0.1921	99.0	133.66994404792786
15	-0.48307428	0.6147148	0.69268286	-1.1327312	1000.0	15.8	33.519547	104.0	0.0	-1.942566	3.3705347	6.5889482	-20.621527	160000	-1.5832484e-08	29.24292	-0.023496881	-17.772783	0.85800993	0.01778466	0.19180001	99.0	142.39519667625427
16	0.7412866	1.3341305	3.3991234	-1.0819548	1000.0	24.5	60.278107	201.0	0.0	-2.4632025	3.7838037	3.173234	-17.07468	170000	2.9802322e-08	66.031364	-0.024532508	-60.01527	0.84729975	0.03709904	0.2236	99.0	151.22724413871765
17	-0.0986161	0.85925865	0.9409444	-2.0188878	1000.0	75.1	190.75085	646.0	0.0	-1.6829963	4.540245	0.36048132	-38.59107	180000	1.0430813e-08	191.17902	-0.024285613	-176.24011	0.8213725	0.006444583	0.1366	99.0	160.05559039115906
18	-0.19889057	0.73246264	1.2675256	-1.5295143	1000.0	20.2	55.779568	187.0	0.0	-2.6072762	4.9021683	11.133154	-32.81153	190000	-1.8626451e-09	67.77106	-0.023318656	-32.9159	0.8429309	0.027289301	0.20680001	99.0	168.99477887153625
19	-0.44717568	1.737903	3.57039	-3.3221846	1000.0	5.2	15.6	52.0	0.0	-1.3804295	2.1220698	14.404901	-5.6919165	200000	-3.8743018e-08	8.553453	-0.020461211	-5.9636493	0.8414273	0.02243087	0.19610001	99.0	177.88295698165894
20	0.6146125	1.2463306	4.0018387	-0.5410888	1000.0	50.1	111.093155	362.0	0.0	-0.2615812	0.54716694	0.42374963	-3.467676	210000	-3.576279e-08	52.795918	-0.018649867	-18.37999	0.8321198	0.00039949772	0.13509999	99.0	186.59508728981018
21	-1.2962091	1.7357607	0.4684493	-4.653657	1000.0	1.8	5.4000006	18.0	0.0	-1.3887753	2.4646068	18.64449	-9.377177	220000	-1.7881394e-08	7.538395	-0.019306391	-6.957399	0.844499	0.020994456	0.1564	99.0	195.51046013832092
22	0.62781817	1.0196475	2.7935271	-1.2201022	1000.0	27.5	59.68794	201.0	0.0	0.29876122	3.3806427	37.66343	-0.697163	230000	4.4703485e-09	18.226059	-0.016845848	-13.230533	0.8420886	0.0047435225	0.1173	99.0	204.27683305740356
23	-0.31763557	1.2015088	1.8872441	-2.99351	1000.0	31.0	62.866524	210.0	0.0	-0.24739893	2.4489255	28.575035	-16.81413	240000	-5.9604646e-09	8.857673	-0.016705126	-6.794183	0.83654386	0.009893594	0.14649999	99.0	213.19960594177246
24	-0.41657686	3.0764027	3.4565828	-8.125036	1000.0	16.7	16.06269	50.0	0.0	-0.5009594	0.5833898	0.5147028	-2.8479626	250000	-1.1920929e-08	0.7185873	-0.027523283	-0.5633506	0.8357876	0.018886184	0.1791	99.0	222.12494444847107
25	1.0494255	1.6865224	4.0328035	-2.0999951	1000.0	5.0	15.0	50.0	0.0	-0.2362389	0.35852772	5.826556	-14.213927	260000	-1.1920929e-08	0.2890417	-0.016006593	-0.20133002	0.8153386	0.011646785	0.152	99.0	231.04486870765686
26	0.55920523	1.560493	2.9713233	-2.2840075	1000.0	182.8	248.16318	747.0	0.0	0.11826792	0.07936442	0.5875462	-0.34106195	270000	-1.1920929e-08	0.06539897	-0.026510784	-0.012385411	0.789292	0.016386386	0.1986	99.0	239.89691734313965
27	0.3265833	1.233437	2.6016266	-1.0470343	1000.0	95.5	142.02763	496.0	0.0	0.006758238	0.19792919	0.55646056	-3.1895592	280000	-2.8312206e-08	130.4932	-0.02846403	-50.36852	0.7647029	0.0043525235	0.1602	99.0	248.7598593235016
28	0.9961106	1.5949097	3.7346766	-0.8777255	1000.0	86.3	130.0554	361.0	0.0	-3.190104	3.201742	3.806632	-9.381498	290000	1.4901161e-08	172.60367	-0.029632863	-96.65048	0.76234555	0.009602375	0.1393	99.0	257.71034121513367
29	-0.26396292	1.4159065	2.5350308	-2.620665	1000.0	56.5	86.78969	280.0	0.0	-5.9589725	6.7939954	-1.49013	-45.542408	300000	2.9802323e-09	67.21702	-0.020422481	-57.601463	0.78319716	0.019252399	0.1873	99.0	266.50916481018066
30	0.34843478	2.1864243	4.7059884	-3.6916983	1000.0	36.9	64.755615	211.0	0.0	-2.1678696	2.2472591	-0.027282	-19.023458	310000	8.940697e-09	68.28391	-0.023957059	-18.717741	0.78264195	0.009872209	0.17609999	99.0	275.41985154151917
31	0.46432742	1.1988554	2.2752662	-1.1891445	1000.0	89.0	145.01724	379.0	0.0	-4.977266	6.707019	0.28759992	-37.14471	320000	-1.1920929e-08	216.39995	-0.01931924	-173.54819	0.77840495	0.00569187	0.15259999	99.0	284.1154873371124
32	-0.051874302	1.015463	2.219156	-2.068437	1000.0	63.4	81.82201	242.0	0.0	-3.568805	6.794532	2.117702	-46.799713	330000	-3.7252904e-10	155.85718	-0.024568018	-107.892456	0.7669903	0.017647047	0.19530001	99.0	293.0473337173462
33	-0.13591437	4.948074	6.5246015	-11.260003	1000.0	30.9	58.21074	189.0	0.0	-1.2426388	3.3422008	23.487944	-32.279213	340000	1.4901161e-08	73.024925	-0.028222073	-50.72529	0.7612632	0.016207956	0.2316	99.0	301.9454023838043
34	-0.68457365	1.723859	1.9073834	-4.7015023	1000.0	30.1	58.50205	192.0	0.0	-2.3329823	3.2000005	30.885645	-18.439928	350000	-5.9604646e-09	67.52242	-0.025692457	-54.361122	0.73714393	0.018616917	0.2352	99.0	310.6258509159088
35	-1.6453133	3.554729	2.7055311	-9.401762	1000.0	2.2	6.6	22.0	0.0	-3.9651961	8.389089	28.169815	-28.604145	360000	2.682209e-08	78.57377	-0.020026771	-73.66023	0.72688276	0.02234407	0.14930001	99.0	319.5162446498871
36	-1.8332081	2.6925533	1.4873815	-8.078862	1000.0	85.5	171.179	445.0	0.0	-0.6761929	0.7119173	2.4582021	-3.1492362	370000	5.9604646e-09	211.55362	-0.022768606	-169.96603	0.71237826	0.0025554185	0.134	99.0	328.2744150161743
37	-0.039519288	1.312025	2.642938	-2.7415907	1000.0	42.2	55.795704	192.0	0.0	-1.4934684	4.0548735	0.73184407	-43.773155	380000	0.0	49.171207	-0.026097244	-35.187496	0.70580125	0.011835439	0.1805	99.0	337.1876790523529
38	0.19720626	2.7724075	4.7160587	-4.611344	1000.0	28.1	32.405094	92.0	0.0	-3.3889828	6.119254	2.5877867	-25.600441	390000	3.5390257e-09	46.791115	-0.029278329	-40.951183	0.7096543	0.019498546	0.2167	99.0	346.187388420105
39	-3.7266915	3.5770829	-0.09023692	-11.578697	1000.0	7.6	18.607527	62.0	0.0	-2.6659644	6.096535	8.321896	-25.666561	400000	3.576279e-08	36.858997	-0.01964563	-31.447092	0.68785596	0.015387585	0.16319999	99.0	354.9896161556244
40	-2.941844	4.990384	4.6356525	-13.563037	1000.0	25.1	37.737118	99.0	0.0	-0.48980585	1.598142	39.813297	-3.7422237	410000	-4.4703485e-09	22.726015	-0.022271905	-9.964726	0.6742414	0.009610934	0.1778	99.0	363.77447414398193
41	-2.2218742	3.1961603	3.7274714	-7.957861	1000.0	36.2	70.40284	230.0	0.0	-1.2112871	1.5563993	4.404414	-7.4957123	420000	1.9371509e-08	36.574703	-0.02610653	-18.738504	0.6720933	0.015425498	0.1806	99.0	372.51377415657043
42	-3.4158008	5.478264	4.34638	-12.768043	1000.0	5.8	11.6	29.0	0.0	-2.0231519	3.3185139	0.98060143	-15.437617	430000	-2.682209e-08	14.139154	-0.022023667	-12.93767	0.67861426	0.018994523	0.14919999	99.0	381.5074944496155
43	-0.6861174	2.5090425	3.7312894	-6.689694	1000.0	35.1	94.53089	318.0	0.0	-1.8310678	2.9913175	15.8762245	-12.314664	440000	1.4156103e-08	32.996807	-0.021932721	-19.395071	0.6727738	0.022792224	0.188	99.0	390.26651787757874
44	-3.8857567	3.6187134	2.5820944	-12.20629	1000.0	17.0	29.973322	83.0	0.0	-0.26627785	1.1554767	0.91059124	-9.088614	450000	1.0430813e-08	3.9944947	-0.022852685	-2.157304	0.6689286	0.012696867	0.14989999	99.0	399.19858407974243
45	-2.805515	4.656639	4.216704	-11.887866	1000.0	24.6	51.629837	158.0	0.0	-1.0990511	1.1346987	4.1602216	-6.4548125	460000	8.940697e-09	1.934474	-0.025394166	-1.5890969	0.6640836	0.01887021	0.1652	99.0	407.9605989456177
46	-0.52617246	1.5169315	3.1653998	-2.8023922	1000.0	0.0	0.0	0.0	0.0	-0.4126979	0.7564013	18.547379	-1.1183155	470000	3.427267e-08	0.73344934	-0.014735056	-0.6481703	0.651223	0.012892274	0.1647	99.0	416.76001954078674
47	0.5537402	2.292028	4.0157294	-2.959382	1000.0	44.6	108.46861	361.0	0.0	-0.11638171	0.2635313	2.6428	-2.0111523	480000	2.9802322e-08	0.21652946	-0.02706315	-0.13783805	0.6378889	0.019135794	0.197	99.0	425.6379289627075
48	-0.55689406	1.9945134	2.0093005	-3.6246552	1000.0	22.0	31.317726	97.0	0.0	0.04948731	0.15028086	1.155013	-0.3830837	490000	3.8743018e-08	0.1196154	-0.026181776	-0.024426099	0.61589026	0.016478878	0.18500002	99.0	434.4340524673462
49	-0.88396186	2.7676558	2.0933554	-5.7028646	1000.0	22.4	47.45566	147.0	0.0	-0.04728502	0.17532544	0.23949099	-1.2745712	500000	-1.1920929e-08	0.2603969	-0.027137661	-0.060115397	0.5910143	0.011504508	0.1722	99.0	443.3039286136627
50	-0.28355503	4.193535	9.042537	-6.3111386	1000.0	77.8	162.77826	555.0	0.0	-0.08562418	1.016555	46.625034	-8.138344	510000	-2.9802323e-09	1.1610826	-0.0119931	-0.93492717	0.5722544	0.01128771	0.1435	99.0	452.0543122291565
51	0.26858714	2.3189242	4.2174892	-4.5908384	1000.0	47.7	64.1156	220.0	0.0	-0.015468906	0.23972034	6.5068965	-0.6309893	520000	-2.682209e-08	7.5897017	-0.029699158	-2.296026	0.5657981	0.007565289	0.16910002	99.0	460.96501207351685
52	-2.6756914	5.3586593	1.6194412	-13.27275	1000.0	5.8	17.4	58.0	0.0	-0.8162401	0.7582339	5.7388024	-5.324851	530000	-1.3411045e-08	1.2897882	-0.02242386	-0.74463487	0.5734584	0.017082483	0.16440001	99.0	469.8448712825775
53	0.42742252	2.5799725	4.634036	-4.996938	1000.0	30.2	39.387306	120.0	0.0	-0.5228653	0.51625204	0.12819088	-1.4572821	540000	-8.34465e-08	0.60582817	-0.030010944	-0.51005423	0.55513245	0.024361212	0.2093	99.0	478.81558299064636
54	-0.37386253	3.174129	5.4903154	-6.0500073	1000.0	21.9	65.700005	219.0	0.0	-0.03946486	0.2613993	0.60466146	-0.6459607	550000	2.9802323e-09	0.13764994	-0.028656775	-0.010099822	0.5299418	0.016722444	0.19170001	99.0	487.6523678302765
55	-1.5111984	1.2745484	0.58552974	-3.7002838	1000.0	2.8	8.400001	28.0	0.0	-0.017279064	0.24213062	1.853999	-0.5605124	560000	1.4901161e-08	0.22354743	-0.029709797	-0.08385793	0.5055337	0.018371096	0.19459999	99.0	496.4048578739166
56	0.2551456	2.5666697	5.3726873	-2.9879189	1000.0	61.1	121.37582	404.0	0.0	-0.1679434	0.20323758	1.335536	-0.67599607	570000	-1.2665987e-08	0.23161021	-0.032767422	-0.091801085	0.49270386	0.022894457	0.2017	99.0	505.30560851097107
57	1.1862912	2.826696	5.366296	-3.4806106	1000.0	25.6	34.777004	100.0	0.0	0.02927194	0.1809321	4.708867	-0.23496163	580000	6.7055224e-09	0.8213991	-0.02995267	-0.13971111	0.47488493	0.015563761	0.1772	99.0	514.2373661994934
58	0.84694606	3.5351593	7.340531	-6.751262	1000.0	27.5	39.080048	127.0	0.0	-0.1023101	0.2645331	3.455936	-0.56009114	590000	0.0	0.30064684	-0.028423661	-0.10105518	0.4794727	0.01732495	0.20219998	99.0	523.1994996070862
59	0.8807648	1.6789052	3.2370367	-1.9395084	1000.0	23.1	44.731308	154.0	0.0	0.050464783	0.17642532	0.34480393	-0.21667099	600000	2.3841858e-08	0.12474258	-0.029418245	-0.03179	0.45338717	0.020045504	0.23839998	99.0	532.1415147781372
60	1.4157648	4.348361	11.088187	-5.0066614	1000.0	59.4	98.77469	325.0	0.0	0.07994324	0.09904679	0.46997654	-0.20162618	610000	-2.3841858e-08	0.35129124	-0.021872032	-0.14808103	0.43273234	0.025301244	0.2614	99.0	541.0285353660583
61	0.17176065	5.083353	7.376064	-13.320509	1000.0	27.9	40.056084	125.0	0.0	0.13898247	0.35897425	0.84942985	-0.89456105	620000	1.7881394e-08	0.72236204	-0.031890012	-0.35199887	0.40158176	0.012811164	0.1777	99.0	549.8600471019745
62	0.9936466	1.9807262	3.888147	-1.7161038	1000.0	42.5	90.39939	311.0	0.0	-0.18579476	0.21368073	0.39264536	-1.8273547	630000	-1.4901161e-09	0.30678296	-0.032916386	-0.1696247	0.38746276	0.02312015	0.22519998	99.0	558.6386458873749
63	-0.7553576	3.5926707	4.0012317	-9.01751	1000.0	61.2	107.634384	276.0	0.0	0.068158805	0.095935814	0.3068149	-0.4182378	640000	5.9604646e-09	0.27277988	-0.025777876	-0.087042704	0.36953282	0.009589543	0.18020001	99.0	567.5765128135681
64	0.99894714	2.8298328	5.1547337	-5.223943	1000.0	70.7	148.55643	508.0	0.0	-0.07878681	0.17762779	0.879187	-0.46413624	650000	-2.9802323e-09	4.6196513	-0.023397667	-2.200562	0.3529048	0.008440257	0.17950001	99.0	576.4888250827789
65	0.8392625	2.9241643	6.8882327	-4.3756824	1000.0	106.7	240.33397	824.0	0.0	-0.84432185	1.1629483	2.0307648	-4.1606364	660000	-1.7881394e-08	37.156574	-0.021816205	-14.716197	0.3598847	-0.0013406313	0.1361	99.0	585.4889736175537
66	-0.56790555	2.5690577	2.300935	-7.2438912	1000.0	20.2	23.378622	57.0	0.0	-2.5768669	3.8577552	-0.17445374	-10.912734	670000	-2.9802322e-08	22.989254	-0.026412392	-18.016571	0.36554876	0.035158496	0.25	99.0	594.1666839122772
67	1.5723484	2.1493106	5.948269	-0.47404507	1000.0	8.4	17.089178	49.0	0.0	-0.975854	0.99182343	0.14681828	-4.3042283	680000	7.4505807e-10	2.2430494	-0.026877891	-1.3773016	0.35679975	0.015795086	0.1774	99.0	602.9888648986816
68	0.39863133	3.6168404	8.80381	-6.4369392	1000.0	98.0	168.60011	585.0	0.0	-0.40764627	0.7402306	2.0677488	-4.5254774	690000	-8.940697e-09	8.246283	-0.03017123	-7.001181	0.35157028	0.006769999	0.17410001	99.0	611.9654998779297
69	-0.6791733	4.7008657	7.6057963	-10.194162	1000.0	69.6	86.56812	264.0	0.0	-0.3362669	3.8418126	52.251537	-7.9469895	700000	-2.9802322e-08	52.073315	-0.025944378	-45.5094	0.3512052	0.012523055	0.1597	99.0	620.7927722930908
70	0.8255358	2.800166	4.99797	-5.516676	1000.0	72.6	109.50543	384.0	0.0	-2.164316	4.2362227	26.31091	-26.270924	710000	1.8626451e-08	83.447136	-0.028269824	-45.866535	0.36148843	0.01800778	0.23410001	99.0	629.688562631607
71	1.181011	1.9529588	5.7029085	-0.5969525	1000.0	27.2	31.345814	101.0	0.0	-2.8302078	3.8077767	2.165131	-14.805204	720000	9.685754e-09	32.14306	-0.032376148	-29.512157	0.34862873	0.022525761	0.24429998	99.0	638.5052311420441
72	0.5275377	3.8166435	8.652026	-6.6515627	1000.0	26.4	44.28589	129.0	0.0	-4.419411	7.365879	21.823349	-20.256836	730000	8.34465e-08	74.71383	-0.020418854	-61.466362	0.3325825	0.0354802	0.2395	99.0	647.3409998416901
73	0.19975773	1.5091124	3.3721642	-1.9094878	1000.0	84.0	214.68907	725.0	0.0	-1.1908765	0.94788927	-0.12314463	-10.787288	740000	2.3841858e-08	82.246254	-0.014924037	-72.46317	0.31545416	0.003221567	0.1593	99.0	656.3209435939789
74	1.3618374	2.5909343	7.0687203	-0.49005753	1000.0	174.8	241.34407	750.0	0.0	-2.0162618	2.4901714	0.98734343	-24.434317	750000	2.9802322e-08	212.89621	-0.027931204	-158.87064	0.3214575	0.0009352431	0.17359999	99.0	665.1742000579834
75	-0.461269	3.8501942	5.2343435	-9.635804	1000.0	35.3	53.619118	185.0	0.0	-5.0778666	7.580478	0.20351815	-37.110733	760000	2.3841858e-08	84.05983	-0.024886515	-78.70252	0.3166046	0.026743192	0.19250001	99.0	674.0988554954529
76	-0.6841561	4.225056	3.7008193	-12.042281	1000.0	90.4	128.57542	386.0	0.0	-1.8388015	4.3315597	0.85606885	-26.06478	770000	-5.9604646e-09	214.46841	-0.030163104	-178.18274	0.30095485	0.007553124	0.17279999	99.0	682.8028597831726
77	1.3916794	2.2777708	6.380873	-1.6298606	1000.0	70.0	98.47334	324.0	0.0	-4.569828	8.593328	2.6617808	-35.584908	780000	-8.940697e-09	122.51601	-0.030974781	-99.84639	0.302433	0.021496776	0.23179999	99.0	691.6431703567505
78	-1.312639	2.8191502	2.427347	-7.040506	1000.0	34.6	33.181923	106.0	0.0	-3.1237059	6.218056	5.173855	-31.33526	790000	0.0	61.06228	-0.02373041	-50.30391	0.28888416	0.02406028	0.2236	99.0	700.3928740024567
79	-0.14272204	2.5881095	3.4210315	-3.6594832	1000.0	17.9	34.308746	117.0	0.0	-2.7367687	5.594339	5.6633244	-31.719376	800000	1.6763806e-08	22.522522	-0.027184099	-21.056767	0.28339532	0.025285114	0.21799998	99.0	709.2935650348663
80	-0.49513215	4.279973	5.063933	-12.438719	1000.0	50.5	71.66763	195.0	0.0	-0.79167706	1.3742797	1.225485	-12.569243	810000	-5.9604646e-09	87.69326	-0.022193672	-71.329636	0.26695397	0.005019366	0.16440001	99.0	718.0721793174744
81	0.9425535	1.9265786	4.9171686	-1.129393	1000.0	8.1	20.612862	69.0	0.0	-2.3872526	5.440115	1.1349642	-34.12192	820000	-1.5646219e-08	34.790554	-0.014503595	-33.608967	0.27231762	0.022177294	0.1762	99.0	726.967442035675
82	1.7052177	3.6341403	7.76323	-4.971648	1000.0	37.4	47.34385	155.0	0.0	-0.48019078	0.97460043	5.2373047	-14.419529	830000	-2.9802323e-09	34.048157	-0.029945338	-17.53864	0.26177943	0.012146372	0.1837	99.0	735.8727366924286
83	0.054070283	4.668733	6.0629697	-12.850618	1000.0	18.0	25.895945	70.0	0.0	-1.4130508	1.5747128	6.6077557	-11.45709	840000	-8.940697e-09	8.111059	-0.027608167	-4.1161222	0.2703527	0.009823539	0.17029999	99.0	744.6752307415009
84	-1.045676	3.2865396	2.4206164	-9.61298	1000.0	39.8	48.827858	143.0	0.0	-1.3898007	1.8913816	1.4643546	-24.739738	850000	-4.4703485e-09	30.299276	-0.029799784	-21.231901	0.26839057	0.015344031	0.2014	99.0	753.5493206977844
85	0.598453	2.265766	5.326829	-2.8365943	1000.0	29.0	49.893887	155.0	0.0	-1.52688	2.8716288	0.7068863	-16.565422	860000	8.940697e-09	11.032671	-0.031760685	-8.78328	0.27579728	0.017117005	0.20970002	99.0	762.4340350627899
86	-1.3326668	2.68018	1.2354089	-8.058177	1000.0	21.6	53.179317	179.0	0.0	-3.1141784	5.6285453	3.2164154	-22.152763	870000	1.7881394e-08	32.721626	-0.021908367	-31.549536	0.2514717	0.029122766	0.18200001	99.0	771.3052794933319
87	0.9359964	3.4959252	7.209647	-5.358372	1000.0	36.1	31.95137	117.0	0.0	-0.9001418	3.2994776	0.6726371	-23.572927	880000	5.9604646e-09	16.585663	-0.025168056	-9.240904	0.24256392	0.020507121	0.243	99.0	780.0832231044769
88	0.51383525	5.379013	8.555564	-11.334767	1000.0	79.7	148.72595	507.0	0.0	-1.254706	1.1777184	1.4193835	-12.219937	890000	-2.0861625e-08	56.92455	-0.027466333	-52.477783	0.21549499	0.0063111605	0.1595	99.0	788.947128534317
89	-0.7998967	1.7536422	1.205848	-4.962011	1000.0	31.3	32.927345	80.0	0.0	-1.3372408	1.9372342	0.5311507	-31.85536	900000	0.0	15.905569	-0.03334884	-13.837938	0.21726072	0.025081923	0.25669998	99.0	797.7384054660797
90	0.08717112	3.314783	4.9677796	-6.5888367	1000.0	17.8	29.59324	79.0	0.0	-0.7739513	1.8698176	1.4435549	-16.297535	910000	-8.940697e-09	5.8867493	-0.027376723	-2.2816443	0.20065692	0.022087011	0.2339	99.0	806.5501391887665
91	-0.74943745	4.8585744	5.1984997	-13.749279	1000.0	30.9	46.68501	158.0	0.0	-0.71386915	1.0827999	0.69931567	-13.054167	920000	-8.940697e-09	8.239672	-0.026752	-2.4313524	0.18444867	0.021110194	0.2578	99.0	815.4590389728546
92	-0.9421221	4.896651	7.158573	-12.501937	1000.0	71.0	101.93429	351.0	0.0	-0.9904839	0.8946601	0.22073328	-8.526405	930000	8.940697e-09	5.2416983	-0.02980355	-3.245206	0.16500713	0.013465248	0.1959	99.0	824.1530296802521
93	-0.0016851306	1.7159088	3.3531904	-3.2152302	1000.0	72.3	129.41797	433.0	0.0	-1.469515	1.9114535	0.26399183	-27.352808	940000	7.450581e-09	34.308376	-0.02490331	-30.345676	0.1746152	0.017056873	0.2167	99.0	832.9682619571686
94	-2.0065007	3.6285706	1.9660649	-12.293883	1000.0	15.2	33.465805	114.0	0.0	-0.47751158	1.006429	8.406717	-11.588509	950000	-1.0430813e-08	6.583537	-0.02896592	-3.6847034	0.16505213	0.018269904	0.2131	99.0	841.851039648056
95	1.1889797	5.040757	7.060905	-11.094311	1000.0	32.2	43.650433	111.0	0.0	-0.48032406	0.9432062	0.95455456	-8.813911	960000	2.0861625e-08	2.7496276	-0.030387554	-1.4964168	0.14821446	0.024988715	0.24990001	99.0	850.8123364448547
96	-2.9205647	3.3840058	1.7941632	-9.321494	1000.0	11.5	18.762995	55.0	0.0	-0.29956234	0.6988162	18.43255	-3.8693216	970000	-2.1606684e-08	0.5724607	-0.020880815	-0.41678327	0.13415116	0.014075488	0.1673	99.0	859.6906976699829
97	-0.7875093	3.718918	2.5869641	-9.589229	1000.0	31.2	60.13618	202.0	0.0	-0.38247484	0.6361313	1.3214035	-3.392226	980000	-1.7881394e-08	0.7331775	-0.027620897	-0.59682024	0.12480652	0.020900859	0.21849999	99.0	868.5136783123016
98	0.97459126	3.0647867	7.8233147	-2.956143	1000.0	15.7	19.1157	59.0	0.0	-0.006461286	0.35277122	1.1759214	-3.8817673	990000	-2.9802323e-09	0.41699687	-0.030374158	-0.21871957	0.10138583	0.022038853	0.20679998	99.0	877.2813031673431
99	-0.08181802	3.2696283	8.26497	-3.7616584	1000.0	47.5	82.14408	267.0	0.0	0.044252124	0.22232793	2.244688	-0.4977789	1000000	5.9604646e-09	0.318085	-0.02729879	-0.18219611	0.0849682	0.022655675	0.23639998	99.0	886.0430672168732
100	1.0327753	2.3428798	4.899286	-1.4756643	1000.0	28.5	61.943928	203.0	0.0	0.08254868	0.3739299	1.1789225	-0.9316492	1010000	2.682209e-08	0.20235047	-0.03170211	-0.104668476	0.07060272	0.029131215	0.22590001	99.0	895.0075826644897
101	-0.09510024	1.8236139	3.945534	-2.565336	1000.0	12.1	26.337996	88.0	0.0	0.08840835	0.3240748	2.913652	-0.8064755	1020000	1.1920929e-08	0.21333082	-0.028870413	-0.112232305	0.047919933	0.0132543165	0.19689998	99.0	903.778112411499
102	-0.19494534	4.3527646	9.335951	-8.608725	1000.0	0.7	2.1000001	7.0	0.0	-0.04511153	0.2188156	0.44615388	-0.7817272	1030000	0.0	0.31020588	-0.017611448	-0.10589655	0.038564563	0.03273822	0.25169998	99.0	912.7073965072632
103	1.5638907	2.1053662	5.5140805	-1.2105699	1000.0	26.1	34.99843	108.0	0.0	0.015198999	0.25149265	0.4436226	-0.67793024	1040000	2.3841858e-08	0.25495192	-0.032734275	-0.13982667	0.0298776	0.022392279	0.2203	99.0	921.6064395904541
104	0.95138675	3.6675503	7.372064	-5.902869	1000.0	29.9	36.15923	109.0	0.0	0.031942096	0.29719144	0.7161745	-3.514072	1050000	-1.7881394e-08	0.21977222	-0.03428779	-0.099983945	0.014114318	0.019970594	0.22929999	99.0	930.3299314975739
105	0.74443877	5.4834204	11.61316	-7.6000447	1000.0	14.4	21.270638	59.0	0.0	0.07018795	0.37573808	2.3597956	-1.0382191	1060000	-2.9802322e-08	0.47985125	-0.033129234	-0.25905994	-0.007502556	0.018703735	0.2297	99.0	939.1641051769257
106	0.8133562	3.0486233	4.2657256	-6.73924	1000.0	61.3	98.53025	334.0	0.0	0.16019204	0.43183407	3.4426432	-1.4028417	1070000	5.2154063e-09	0.32545853	-0.03320375	-0.11537465	-0.02934796	0.024573412	0.21	99.0	947.9803426265717
107	-2.6670794	5.3966174	3.3083465	-13.448578	1000.0	26.2	35.44799	89.0	0.0	0.03971123	0.33052206	1.1907486	-1.6513458	1080000	-4.172325e-08	1.037637	-0.031380214	-0.6334922	-0.040754016	0.017840806	0.1828	99.0	956.8835923671722
108	0.5590296	2.6958904	4.8263817	-3.1828601	1000.0	35.8	29.154074	87.0	0.0	-0.4636323	0.43847105	0.61008954	-2.6186147	1090000	1.1920929e-08	0.59392595	-0.028311893	-0.42822915	-0.028931383	0.033900253	0.29590002	99.0	965.6444013118744
109	-3.6084495	5.453015	3.0389912	-13.633446	1000.0	82.0	237.45988	794.0	0.0	-0.23084426	0.5113366	0.50511575	-2.3196278	1100000	-2.3841858e-08	0.2822721	-0.025352266	-0.16212744	-0.04317814	0.019769918	0.21440001	99.0	974.5204260349274
110	0.19721308	1.634739	2.3200812	-3.0647516	1000.0	68.1	77.7759	236.0	0.0	-0.22727905	0.36773124	0.2730056	-3.2117648	1110000	3.5017727e-08	13.597043	-0.035573002	-10.90306	-0.05594539	0.017842986	0.2115	99.0	983.3706893920898
111	0.10032654	2.4931924	4.218478	-4.939632	1000.0	16.7	40.318855	134.0	0.0	-0.79814667	1.8621032	18.017948	-5.0495462	1120000	-1.7136335e-08	3.2891192	-0.020248946	-2.6971664	-0.04872912	0.022059288	0.22639999	99.0	992.1597709655762
112	0.87779063	2.4607947	6.9345083	-1.99665	1000.0	16.3	23.121635	71.0	0.0	-0.9267078	2.3259535	0.9509448	-18.296944	1130000	-3.576279e-08	4.6482277	-0.025560576	-4.146217	-0.064649045	0.03394238	0.2419	99.0	1000.9983220100403
113	-1.4825792	3.0936444	2.5735958	-8.887808	1000.0	28.6	44.495396	129.0	0.0	-0.14497152	0.46092272	1.4356874	-2.48348	1140000	8.940697e-09	0.54238755	-0.028362492	-0.41599113	-0.0687322	0.01904178	0.20289998	99.0	1009.7487921714783
114	0.5083928	2.1446223	3.7992682	-2.4948986	1000.0	118.3	234.53148	808.0	0.0	-0.13502245	0.18847384	0.35296822	-1.6516976	1150000	-2.9802322e-08	0.1677663	-0.030077368	-0.091573454	-0.08269162	0.019873405	0.2282	99.0	1018.732165813446
115	1.461664	2.9698975	5.737054	-2.106521	1000.0	37.9	51.192677	148.0	0.0	-0.05783825	0.35726786	0.9027382	-1.5051479	1160000	1.4901161e-08	13.592117	-0.032786828	-12.528648	-0.11060619	0.012220638	0.1882	99.0	1027.4534378051758
116	1.5946518	1.9858584	4.7262845	-1.209408	1000.0	26.5	32.52153	105.0	0.0	-1.490955	3.2061272	2.3143146	-19.579073	1170000	1.1920929e-08	13.909144	-0.023608483	-12.593239	-0.09727734	0.03101644	0.2306	99.0	1036.2761912345886
117	-1.2903258	4.215074	3.9977665	-9.463236	1000.0	53.8	85.03975	297.0	0.0	-0.5119227	0.9140309	0.60068715	-13.638948	1180000	2.9802322e-08	10.348564	-0.030105958	-9.235995	-0.096820116	0.022393962	0.21560001	99.0	1045.1291451454163
118	1.0551904	3.2517076	8.546273	-2.9316132	1000.0	12.7	25.028185	68.0	0.0	-1.228616	1.726475	4.8299026	-13.598269	1190000	-5.9604646e-09	4.619114	-0.033089265	-3.8681808	-0.10654615	0.02359263	0.2282	99.0	1053.9007697105408
119	-0.58911306	5.237928	4.540514	-12.574998	1000.0	12.8	22.35084	60.0	0.0	-0.17236607	0.35160074	0.5738133	-2.6619127	1200000	-5.9604646e-09	0.5232347	-0.026052509	-0.33720264	-0.1363526	0.02030311	0.2567	99.0	1062.5918054580688
120	1.1686105	4.1150584	7.302039	-9.233297	1000.0	50.9	81.54931	256.0	0.0	-0.075294055	0.48298207	6.015595	-6.34073	1210000	-1.1175871e-08	0.6528915	-0.030665046	-0.49829492	-0.1530984	0.024471482	0.2395	99.0	1071.3588564395905
121	0.3765726	4.4839478	8.164629	-8.9096155	1000.0	14.3	17.888824	44.0	0.0	0.07157468	0.322375	0.8994231	-0.89452255	1220000	-2.682209e-08	0.405214	-0.031082708	-0.19858375	-0.1701492	0.021299548	0.2322	99.0	1080.1803362369537
122	-0.44933954	4.023013	5.104166	-10.89035	1000.0	48.3	74.75433	211.0	0.0	0.08522836	0.3983733	1.1937898	-0.9921856	1230000	-2.30968e-08	0.16536458	-0.028298115	-0.09319726	-0.18383518	0.022007395	0.2151	99.0	1088.8732385635376
123	-0.7490446	1.9881128	2.523705	-5.2259974	1000.0	67.5	161.20747	544.0	0.0	0.019078992	0.21889709	1.1835948	-0.7906308	1240000	-1.1920929e-08	0.2402467	-0.029736508	-0.13626328	-0.19821055	0.02871722	0.22150001	99.0	1097.863406419754
124	1.5452695	2.8165228	6.1112623	-2.4937365	1000.0	105.6	107.059044	288.0	0.0	-0.07048419	0.2705272	0.85349023	-1.8119569	1250000	5.9604645e-08	9.8534775	-0.032142203	-8.179362	-0.20368281	0.018660987	0.2105	99.0	1106.6783685684204
125	1.4239867	4.0570817	6.0055885	-8.567466	1000.0	83.5	114.53144	344.0	0.0	-0.87878054	1.172245	4.829107	-7.8612204	1260000	2.3841858e-08	54.66148	-0.030945878	-51.85846	-0.19542125	0.016527079	0.22929999	99.0	1115.418747663498
126	0.63737595	2.4207144	4.495838	-4.409227	1000.0	136.3	174.87828	581.0	0.0	-2.787725	5.0425982	0.4062444	-28.134054	1270000	-5.9604646e-09	206.0747	-0.02696706	-190.80579	-0.19057654	0.014416367	0.2329	99.0	1124.2909684181213
127	-1.3265762	3.3595042	4.935599	-7.2570972	1000.0	45.7	77.110374	200.0	0.0	-5.0834756	9.450891	39.093773	-50.588844	1280000	-2.3841858e-08	137.68504	-0.027426947	-131.3794	-0.19458406	0.0282266	0.21540001	99.0	1133.062427520752
128	0.09532302	3.2790847	3.113233	-9.008404	1000.0	93.1	176.07751	615.0	0.0	-2.824539	5.2284265	2.0169742	-32.758263	1290000	2.9802323e-09	196.1512	-0.024358192	-177.31091	-0.19218373	0.011544095	0.21469998	99.0	1141.9889512062073
129	1.6902536	3.8455558	8.321751	-6.5197935	1000.0	27.8	45.026215	142.0	0.0	-3.7790124	7.054949	0.8020251	-53.95327	1300000	0.0	63.682343	-0.025888775	-60.094776	-0.17925525	0.032482956	0.25019997	99.0	1150.8053307533264
130	1.4008061	2.2139096	4.51611	-1.1832967	1000.0	90.5	181.45813	620.0	0.0	-6.9418225	11.450499	4.3703604	-45.996056	1310000	-4.0244778e-08	201.30267	-0.026779842	-183.07906	-0.20146242	0.026004422	0.23910001	99.0	1159.6149916648865
131	0.40507507	3.9254856	6.9607954	-9.0511	1000.0	8.4	14.7932415	38.0	0.0	-1.5384077	2.201249	8.052729	-13.140427	1320000	-1.4901161e-08	7.013017	-0.027855301	-5.658721	-0.21992007	0.028159544	0.2266	99.0	1168.514859199524
132	1.1272929	2.0448973	4.0811033	-2.8398194	1000.0	44.7	39.920048	126.0	0.0	-0.72760075	1.8799915	4.6707296	-13.00928	1330000	-3.799796e-08	49.40204	-0.031275973	-40.334534	-0.22593479	0.01858138	0.2139	99.0	1177.2758746147156
133	-1.075613	4.1928086	6.6210957	-7.2088947	1000.0	34.2	31.28514	84.0	0.0	-2.9225116	4.1069603	3.9412162	-25.688042	1340000	1.7881394e-08	31.385296	-0.03270811	-28.56836	-0.22679725	0.022808144	0.2265	99.0	1186.1021468639374
134	0.72358733	2.6804025	5.1145062	-4.4058986	1000.0	129.5	178.92694	628.0	0.0	-2.117197	4.806232	9.210779	-26.77702	1350000	-5.9604646e-09	279.69543	-0.030763442	-255.98698	-0.23810288	0.0153609635	0.2263	99.0	1194.7800569534302
135	-0.5266837	6.0762286	6.4875817	-11.855044	1000.0	46.4	70.07881	242.0	0.0	-5.9730644	9.921941	0.9196563	-52.459347	1360000	1.1920929e-08	162.473	-0.021693643	-145.14557	-0.2337271	0.034338247	0.24249999	99.0	1203.7338516712189
136	-0.1503385	3.7440593	6.4801702	-7.1633887	1000.0	15.4	31.39809	105.0	0.0	-3.6242433	5.791961	2.0539775	-33.67263	1370000	5.9604646e-09	31.429083	-0.03083474	-28.02716	-0.23024961	0.037805308	0.25669998	99.0	1212.5239353179932
137	2.551383	4.6771727	11.012155	-3.1006734	1000.0	15.4	21.039011	59.0	0.0	-1.2076278	2.4835453	1.5945325	-14.587563	1380000	3.7252904e-10	9.118446	-0.02359595	-7.427163	-0.23075286	0.02173363	0.2179	99.0	1221.51669383049
138	-0.31651154	1.9454052	3.430732	-4.45491	1000.0	44.3	69.812675	229.0	0.0	-1.1379548	2.2183268	1.2218063	-12.300473	1390000	1.1920929e-08	66.10498	-0.029456263	-54.039253	-0.23002598	0.016563855	0.19600001	99.0	1230.402191400528
139	1.4642005	2.5675828	5.908393	-1.82985	1000.0	10.3	20.698067	56.0	0.0	-1.0744877	2.3943076	0.6842942	-25.276365	1400000	3.576279e-08	13.498281	-0.025351286	-10.629946	-0.23753464	0.03147013	0.24430001	99.0	1239.151981830597
